46-19: CTR 40 (Sample 'B')
  725    4    1    0    2     <-- KG    KA    IPNT  IACT  KQT  (5I5)
0.005  9.0  0.03  0.001       <-- ACVX  FCHN  FCVX  FS         (free format)
0.0   0   0  12700800.0  1.0   <-- AK1   NORML ILOG  TIME  ACNM (free fmt: R,I,I,R,R)
MN552    1.990E-13 0.050            MN2N 00.00 IWX
FE54P    6.520E-11 0.050                       IWX
FE58G    1.720E-09 0.050            FENG 00.00 IWX
CO59G    6.500E-08 0.050            CONG 00.00 IWX
Estimated flux uncertainties
  47
1.000e-11 1.000e-10 5.000e-10 1.500e-09 4.000e-09 1.000e-08 2.530e-08 1.010e-06 
1.300e-06 3.000e-06 3.500e-06 8.100e-06 1.190e-05 2.500e-05 3.175e-05 3.713e-05 
3.910e-05 4.830e-05 9.000e-05 1.430e-04 1.800e-04 1.885e-04 2.020e-04 2.095e-04 
2.200e-04 5.500e-04 6.700e-04 6.830e-04 9.500e-04 1.550e-03 1.800e-03 2.250e-03 
2.500e-03 3.900e-03 5.700e-03 5.200e-02 7.300e-02 7.500e-02 1.283e-01 7.500e-01 
8.750e-01 1.010e+00 1.850e+00 2.479e+00 1.000e+01 1.284e+01 1.384e+01 
0.000e+00 2.746e-01 6.370e-02 2.870e-02 1.170e-02 5.300e-03 2.020e-02 3.590e-02 
1.900e-02 3.370e-02 2.470e-02 1.100e-02 2.120e-02 1.660e-02 2.800e-02 5.520e-02 
2.880e-02 2.260e-02 2.910e-02 8.400e-03 1.600e-02 5.050e-02 2.000e-02 3.220e-02 
1.500e-02 4.400e-03 7.500e-03 2.360e-02 7.600e-03 1.800e-02 8.600e-03 2.220e-02 
1.020e-02 1.600e-02 9.200e-03 1.490e-02 6.200e-03 1.460e-02 1.410e-02 7.500e-03 
1.360e-02 9.400e-03 3.600e-03 1.050e-02 1.990e-02 3.480e-02 5.092e-01 
MCNP-estimated MG flux
 252   0 1.0000e+00  300.0000    0.0000
1.000000e-11 1.000000e-10 5.000000e-10 7.500000e-10 1.000000e-09 1.200000e-09
 1.500000e-09 2.000000e-09 2.500000e-09 3.000000e-09 4.000000e-09 5.000000e-09
 7.500000e-09 1.000000e-08 2.530000e-08 3.000000e-08 4.000000e-08 5.000000e-08
 6.000000e-08 7.000000e-08 8.000000e-08 9.000000e-08 1.000000e-07 1.250000e-07
 1.500000e-07 1.750000e-07 2.000000e-07 2.250000e-07 2.500000e-07 2.750000e-07
 3.000000e-07 3.250000e-07 3.500000e-07 3.750000e-07 4.000000e-07 4.500000e-07
 5.000000e-07 5.500000e-07 6.000000e-07 6.250000e-07 6.500000e-07 7.000000e-07
 7.500000e-07 8.000000e-07 8.500000e-07 9.000000e-07 9.250000e-07 9.500000e-07
 9.750000e-07 1.000000e-06 1.010000e-06 1.020000e-06 1.030000e-06 1.040000e-06
 1.050000e-06 1.060000e-06 1.070000e-06 1.080000e-06 1.090000e-06 1.100000e-06
 1.110000e-06 1.120000e-06 1.130000e-06 1.140000e-06 1.150000e-06 1.175000e-06
 1.200000e-06 1.225000e-06 1.250000e-06 1.300000e-06 1.350000e-06 1.400000e-06
 1.450000e-06 1.500000e-06 1.590000e-06 1.680000e-06 1.770000e-06 1.860000e-06
 1.940000e-06 2.000000e-06 2.120000e-06 2.210000e-06 2.300000e-06 2.380000e-06
 2.470000e-06 2.570000e-06 2.670000e-06 2.770000e-06 2.870000e-06 2.970000e-06
 3.000000e-06 3.100000e-06 3.200000e-06 3.500000e-06 3.730000e-06 4.100000e-06
 4.700000e-06 5.000000e-06 5.400000e-06 6.000000e-06 6.250000e-06 6.500000e-06
 6.750000e-06 6.875000e-06 7.000000e-06 7.150000e-06 8.100000e-06 9.100000e-06
 1.000000e-05 1.150000e-05 1.190000e-05 1.290000e-05 1.440000e-05 1.600000e-05
 1.700000e-05 1.850000e-05 1.940000e-05 2.000000e-05 2.050000e-05 2.120000e-05
 2.175000e-05 2.250000e-05 2.500000e-05 2.750000e-05 3.000000e-05 3.125000e-05
 3.175000e-05 3.325000e-05 3.375000e-05 3.500000e-05 3.550000e-05 3.600000e-05
 3.700000e-05 3.713000e-05 3.727000e-05 3.763000e-05 3.800000e-05 3.910000e-05
 3.960000e-05 4.100000e-05 4.240000e-05 4.400000e-05 4.520000e-05 4.830000e-05
 5.060000e-05 5.340000e-05 5.800000e-05 6.100000e-05 6.300000e-05 6.500000e-05
 6.750000e-05 7.200000e-05 7.600000e-05 8.000000e-05 8.170000e-05 9.000000e-05
 9.700000e-05 1.012000e-04 1.050000e-04 1.080000e-04 1.130000e-04 1.160000e-04
 1.175000e-04 1.190000e-04 1.220000e-04 1.430000e-04 1.700000e-04 1.800000e-04
 1.877000e-04 1.885000e-04 1.915000e-04 1.930000e-04 2.020000e-04 2.074000e-04
 2.095000e-04 2.200000e-04 2.400000e-04 2.850000e-04 3.050000e-04 5.500000e-04
 6.700000e-04 6.830000e-04 9.500000e-04 1.150000e-03 1.500000e-03 1.550000e-03
 1.800000e-03 2.200000e-03 2.250000e-03 2.500000e-03 3.000000e-03 3.740000e-03
 3.900000e-03 5.700000e-03 8.030000e-03 9.500000e-03 1.300000e-02 1.700000e-02
 2.000000e-02 3.000000e-02 4.500000e-02 5.000000e-02 5.200000e-02 6.000000e-02
 7.300000e-02 7.500000e-02 8.200000e-02 8.500000e-02 1.000000e-01 1.283000e-01
 1.490000e-01 2.000000e-01 2.700000e-01 3.300000e-01 4.000000e-01 4.200000e-01
 4.400000e-01 4.700000e-01 4.920000e-01 5.500000e-01 5.730000e-01 6.000000e-01
 6.700000e-01 6.790000e-01 7.500000e-01 8.200000e-01 8.611000e-01 8.750000e-01
 9.000000e-01 9.200000e-01 1.010000e+00 1.100000e+00 1.200000e+00 1.250000e+00
 1.317000e+00 1.356000e+00 1.400000e+00 1.500000e+00 1.850000e+00 2.354000e+00
 2.479000e+00 3.000000e+00 4.304000e+00 4.800000e+00 6.434000e+00 8.187000e+00
 1.000000e+01 1.284000e+01 1.384000e+01 1.455000e+01 1.568000e+01 1.733000e+01
 2.000000e+01
 1.087252e-09 2.958650e-08 1.061514e-07 2.199532e-07 3.258450e-07
 6.848350e-07 9.615120e-07 1.351675e-06 1.853646e-06 3.296264e-06 6.553850e-06
 1.000488e-05 1.742560e-05 6.556222e-05 8.444872e-05 1.093648e-04 1.207540e-04
 1.214292e-04 1.191008e-04 1.052240e-04 1.024758e-04 8.634720e-05 7.360150e-05
 5.018184e-05 3.698464e-05 2.907680e-05 2.354679e-05 2.131030e-05 1.961531e-05
 1.871184e-05 1.806974e-05 1.784524e-05 1.766655e-05 1.768848e-05 1.771722e-05
 1.781730e-05 1.738781e-05 1.730772e-05 1.659277e-05 1.677993e-05 1.681876e-05
 1.622415e-05 1.629360e-05 1.650375e-05 1.618389e-05 1.580873e-05 1.594944e-05
 1.599137e-05 1.567428e-05 1.518262e-05 1.548952e-05 1.563087e-05 1.617502e-05
 1.592241e-05 1.569012e-05 1.591358e-05 1.551247e-05 1.588697e-05 1.614767e-05
 1.582594e-05 1.574754e-05 1.484108e-05 1.543252e-05 1.448644e-05 1.540947e-05
 1.538184e-05 1.586106e-05 1.580745e-05 1.544109e-05 1.565231e-05 1.569313e-05
 1.564080e-05 1.621917e-05 1.549589e-05 1.567477e-05 1.580105e-05 1.547909e-05
 1.533434e-05 1.546133e-05 1.552688e-05 1.544306e-05 1.526170e-05 1.525515e-05
 1.521591e-05 1.517289e-05 1.489307e-05 1.527608e-05 1.457782e-05 1.541243e-05
 1.484880e-05 1.556132e-05 1.516400e-05 1.567825e-05 1.556286e-05 1.574234e-05
 1.558536e-05 1.487370e-05 1.516874e-05 1.532900e-05 1.468152e-05 1.494425e-05
 1.473892e-05 1.445383e-05 1.458414e-05 1.416830e-05 1.535496e-05 1.566492e-05
 1.503967e-05 1.557621e-05 1.512267e-05 1.474534e-05 1.548355e-05 1.566600e-05
 1.483658e-05 1.556627e-05 1.543565e-05 1.471253e-05 1.437944e-05 1.479100e-05
 1.495439e-05 1.505280e-05 1.550080e-05 1.552056e-05 1.548600e-05 1.457548e-05
 1.458462e-05 1.541720e-05 1.455577e-05 1.480472e-05 1.504050e-05 1.567051e-05
 1.474990e-05 1.493940e-05 1.483969e-05 1.421881e-05 1.436246e-05 1.538358e-05
 1.494631e-05 1.538847e-05 1.510882e-05 1.532358e-05 1.472145e-05 1.539436e-05
 1.550617e-05 1.517317e-05 1.546116e-05 1.568241e-05 1.583974e-05 1.515917e-05
 1.564631e-05 1.546014e-05 1.553759e-05 1.518872e-05 1.511950e-05 1.529848e-05
 1.528193e-05 1.552273e-05 1.544257e-05 1.473613e-05 1.571688e-05 1.531208e-05
 1.557651e-05 1.455925e-05 1.543890e-05 1.628627e-05 1.643094e-05 1.542938e-05
 1.532924e-05 1.554960e-05 1.591805e-05 1.641130e-05 1.495294e-05 1.550111e-05
 1.559688e-05 1.547212e-05 1.563648e-05 1.641733e-05 1.585283e-05 1.999477e-05
 1.665341e-05 1.555580e-05 1.773066e-05 1.693007e-05 1.752381e-05 1.598503e-05
 1.656907e-05 1.670410e-05 1.514165e-05 1.613460e-05 1.684308e-05 1.724307e-05
 1.607612e-05 1.889303e-05 1.776581e-05 1.730402e-05 1.869471e-05 1.861916e-05
 1.786493e-05 2.238561e-05 2.006628e-05 1.926980e-05 1.890946e-05 2.098875e-05
 2.501839e-05 2.816992e-05 2.881679e-05 1.973765e-05 1.702740e-05 2.789373e-05
 3.154244e-05 3.031780e-05 3.641089e-05 4.071991e-05 4.456257e-05 3.831198e-05
 3.185930e-05 3.809005e-05 4.548987e-05 4.949099e-05 4.842249e-05 5.093200e-05
 5.589245e-05 5.863331e-05 6.636074e-05 6.273914e-05 5.758852e-05 5.391523e-05
 5.382540e-05 5.661634e-05 5.437234e-05 5.786208e-05 5.984436e-05 6.494925e-05
 6.162381e-05 6.305226e-05 6.494982e-05 6.691845e-05 7.035867e-05 6.843928e-05
 7.296609e-05 6.022457e-05 4.370276e-05 2.664348e-05 1.829886e-05 6.959090e-06
 2.264330e-06 5.820589e-07 9.907004e-08 9.840226e-08 2.844088e-08 1.146647e-08
 4.887026e-09
212  103  137  28  15  10  30  50  100  40