---Check KQT,TNORM, and Flux Spectrum---
313-2 Part 2: JP2 (Sample 'C')
  725    4    1    0    0     <-- KG    KA    IPNT  IACT  KQT  (5I5)
0.005  9.0  0.03  0.001       <-- ACVX  FCHN  FCVX  FS         (free format)
0.0   0   0  61603200.0  1.0   <-- AK1   NORML ILOG  TIME  ACNM (free fmt: R,I,I,R,R)
MN552    1.970E-08 0.030                       IWX
FE54P    6.750E-09 0.030                       IWX
FE58G    2.200E-09 0.030            FENG 20.00 IWX
CO59G    6.250E-08 0.030            CONG 20.00 IWX
Flux Uncertainty
   4                        
0.99E-10  0.01  1.5  20.1
0.30  0.30  0.30  0.30
Input Flux Spectrum
 252   0 1.000E+00 300.000 0.0000000   <-- NGP, ITHERM, TNORM, TMPR, ETE  (2I4, 3F10.4)
 1.0000E-11 1.0000E-10 5.0000E-10 7.6000E-10 1.0000E-09 1.2000E-09 1.5000E-09
 2.0000E-09 2.5500E-09 3.0000E-09 4.0000E-09 5.0000E-09 7.6000E-09 1.0000E-08
 2.5500E-08 3.0000E-08 4.0000E-08 5.0000E-08 6.0000E-08 6.9000E-08 8.0000E-08
 9.2000E-08 1.0000E-07 1.2500E-07 1.5000E-07 1.7500E-07 2.0000E-07 2.2500E-07
 2.5000E-07 2.7500E-07 3.0000E-07 3.2500E-07 3.5000E-07 3.7500E-07 4.0000E-07
 4.5000E-07 5.0000E-07 5.5000E-07 6.0000E-07 6.2500E-07 6.5000E-07 7.0000E-07
 7.5000E-07 8.0000E-07 8.5000E-07 9.0000E-07 9.2533E-07 9.5000E-07 9.7533E-07
 1.0000E-06 1.0100E-06 1.0200E-06 1.0300E-06 1.0400E-06 1.0500E-06 1.0600E-06
 1.0700E-06 1.0800E-06 1.0900E-06 1.1000E-06 1.1100E-06 1.1200E-06 1.1300E-06
 1.1400E-06 1.1500E-06 1.1750E-06 1.2000E-06 1.2250E-06 1.2500E-06 1.3000E-06
 1.3500E-06 1.4000E-06 1.4500E-06 1.5000E-06 1.5900E-06 1.6800E-06 1.7700E-06
 1.8600E-06 1.9400E-06 2.0000E-06 2.1200E-06 2.2100E-06 2.3000E-06 2.3800E-06
 2.4700E-06 2.5700E-06 2.6700E-06 2.7700E-06 2.8700E-06 2.9700E-06 3.0000E-06
 3.1000E-06 3.2000E-06 3.5000E-06 3.7300E-06 4.1000E-06 4.7000E-06 5.0000E-06
 5.4000E-06 6.0000E-06 6.2500E-06 6.5000E-06 6.7500E-06 6.8750E-06 7.0000E-06
 7.1500E-06 8.1000E-06 9.1000E-06 1.0000E-05 1.1500E-05 1.1900E-05 1.2900E-05
 1.4400E-05 1.6000E-05 1.7000E-05 1.8500E-05 1.9400E-05 2.0000E-05 2.0500E-05
 2.1200E-05 2.1750E-05 2.2500E-05 2.5000E-05 2.7500E-05 3.0000E-05 3.1266E-05
 3.1766E-05 3.3266E-05 3.3766E-05 3.5000E-05 3.5500E-05 3.6000E-05 3.7000E-05
 3.7133E-05 3.7266E-05 3.7633E-05 3.8000E-05 3.9100E-05 3.9600E-05 4.1000E-05
 4.2416E-05 4.4000E-05 4.5208E-05 4.8333E-05 5.0583E-05 5.3417E-05 5.8000E-05
 6.1000E-05 6.3000E-05 6.4999E-05 6.7500E-05 7.2000E-05 7.6000E-05 8.0000E-05
 8.1733E-05 9.0000E-05 9.7000E-05 1.0125E-04 1.0500E-04 1.0800E-04 1.1300E-04
 1.1600E-04 1.1750E-04 1.1900E-04 1.2200E-04 1.4300E-04 1.7000E-04 1.8000E-04
 1.8767E-04 1.8850E-04 1.9150E-04 1.9300E-04 2.0200E-04 2.0750E-04 2.0950E-04
 2.2000E-04 2.4000E-04 2.8500E-04 3.0500E-04 5.5000E-04 6.7000E-04 6.8299E-04
 9.5000E-04 1.1500E-03 1.5000E-03 1.5500E-03 1.8000E-03 2.2000E-03 2.2500E-03
 2.5000E-03 3.0000E-03 3.7400E-03 3.9000E-03 5.6999E-03 8.0333E-03 9.4999E-03
 1.3500E-02 1.7000E-02 2.0000E-02 3.0000E-02 4.5000E-02 5.0000E-02 5.2500E-02
 6.0000E-02 7.2000E-02 7.6000E-02 8.0000E-02 8.4000E-02 1.0000E-01 1.2750E-01
 1.5000E-01 2.0000E-01 2.7000E-01 3.2000E-01 4.0000E-01 4.2500E-01 4.5000E-01
 4.7500E-01 5.0000E-01 5.5000E-01 5.7500E-01 6.0000E-01 6.6000E-01 6.9000E-01
 7.4000E-01 7.8000E-01 8.0000E-01 8.4000E-01 8.8000E-01 9.2000E-01 9.6000E-01
 1.0000E+00 1.1000E+00 1.2000E+00 1.3000E+00 1.4000E+00 1.5000E+00 1.6000E+00
 1.8000E+00 2.3000E+00 2.5000E+00 3.0000E+00 4.3000E+00 4.8000E+00 6.4000E+00
 8.2000E+00 1.0000E+01 1.2800E+01 1.3800E+01 1.4500E+01 1.5700E+01 1.7300E+01
 2.0000E+01
 0.000000e+00 2.362411e+01 1.321565e+02 2.936416e+02 4.615200e+02 5.608350e+02
 9.351033e+02 1.012430e+03 1.175848e+03 1.382528e+03 1.840340e+03 2.901440e+03
 3.060652e+03 3.975644e+03 6.040634e+03 6.666957e+03 6.461870e+03 5.747910e+03
 4.817390e+03 4.041650e+03 3.127840e+03 2.678670e+03 2.023420e+03 1.378756e+03
 7.716640e+02 4.803120e+02 3.256520e+02 2.293428e+02 1.838592e+02 1.519528e+02
 1.329812e+02 1.203968e+02 1.085692e+02 9.907520e+01 9.349160e+01 8.393800e+01
 7.469800e+01 6.763960e+01 6.137400e+01 5.629840e+01 5.524280e+01 5.165780e+01
 4.713960e+01 4.304660e+01 4.071980e+01 3.870440e+01 3.575000e+01 3.590884e+01
 3.400428e+01 3.377816e+01 3.234220e+01 3.380540e+01 3.152310e+01 3.278800e+01
 3.176910e+01 3.022230e+01 3.022000e+01 2.988260e+01 2.882940e+01 3.152990e+01
 2.947120e+01 2.748630e+01 2.910420e+01 2.875480e+01 2.779510e+01 2.753980e+01
 2.749460e+01 2.746236e+01 2.671524e+01 2.580140e+01 2.509920e+01 2.292440e+01
 2.239100e+01 2.164300e+01 2.070311e+01 1.988622e+01 1.902644e+01 1.750722e+01
 1.693000e+01 1.632243e+01 1.526617e+01 1.493622e+01 1.459467e+01 1.377587e+01
 1.323189e+01 1.219370e+01 1.206200e+01 1.188750e+01 1.144070e+01 1.077220e+01
 1.042417e+01 1.042340e+01 1.001580e+01 9.430033e+00 8.708870e+00 8.011730e+00
 7.051650e+00 6.283200e+00 5.863625e+00 5.341150e+00 5.010280e+00 4.717840e+00
 4.643120e+00 4.462312e+00 4.411648e+00 4.439613e+00 4.021832e+00 3.612940e+00
 3.225756e+00 2.834720e+00 2.639250e+00 2.479870e+00 2.284493e+00 2.012400e+00
 1.900010e+00 1.753453e+00 1.653133e+00 1.582308e+00 1.519990e+00 1.521371e+00
 1.454584e+00 1.423120e+00 1.299000e+00 1.194148e+00 1.086800e+00 1.037792e+00
 9.859360e-01 9.817933e-01 9.255340e-01 9.110240e-01 8.874800e-01 8.571060e-01
 8.818600e-01 8.298769e-01 8.527286e-01 8.463639e-01 7.879243e-01 8.283245e-01
 8.147500e-01 7.682357e-01 7.615643e-01 7.164563e-01 7.143442e-01 6.872097e-01
 6.351130e-01 6.130571e-01 5.657196e-01 5.171700e-01 4.997895e-01 4.785980e-01
 4.639760e-01 4.578333e-01 4.278800e-01 4.049200e-01 3.945276e-01 3.661554e-01
 3.403414e-01 3.106357e-01 2.950368e-01 2.988747e-01 2.858140e-01 2.753870e-01
 2.674733e-01 2.617080e-01 2.603583e-01 2.350419e-01 2.008152e-01 1.799470e-01
 1.721013e-01 1.758050e-01 1.641463e-01 1.692513e-01 1.555278e-01 1.489578e-01
 1.461390e-01 1.470000e-01 1.400370e-01 1.215709e-01 1.116360e-01 7.319347e-02
 5.102675e-02 4.515908e-02 3.872210e-02 2.922100e-02 2.345337e-02 2.036560e-02
 1.877644e-02 1.584262e-02 1.414120e-02 1.306072e-02 1.123612e-02 9.491405e-03
 8.466188e-03 6.725667e-03 4.538197e-03 3.587571e-03 2.886914e-03 2.176780e-03
 1.772017e-03 1.512530e-03 8.862667e-04 7.984320e-04 7.217550e-04 7.031075e-04
 6.902362e-04 7.169500e-04 6.977914e-04 4.440233e-04 3.561173e-04 4.320141e-04
 4.197275e-04 3.069078e-04 2.690729e-04 2.381933e-04 2.203986e-04 1.798245e-04
 1.436875e-04 1.589967e-04 1.841032e-04 1.787707e-04 1.679809e-04 1.706570e-04
 1.663771e-04 1.693956e-04 1.746592e-04 1.484000e-04 1.303759e-04 1.186496e-04
 1.161028e-04 1.222335e-04 1.035937e-04 1.028689e-04 9.881120e-05 1.017044e-04
 9.062746e-05 8.788692e-05 9.125068e-05 8.600400e-05 7.353886e-05 5.594246e-05
 5.731736e-05 3.816775e-05 1.943244e-05 1.056613e-05 5.447313e-06 1.628369e-06
 4.380331e-07 8.407606e-08 1.628760e-08 8.856761e-09 5.125257e-09 1.766442e-09
 4.669026e-10
212  103  137  28  15  10  30  50  100  40