---Check KQT,TNORM, and Flux Spectrum---
313-2 Part 2: JP2 (Sample 'F')
  725    4    1    0    0     <-- KG    KA    IPNT  IACT  KQT  (5I5)
0.005  9.0  0.03  0.001       <-- ACVX  FCHN  FCVX  FS         (free format)
0.0   0   0  61603200.0  1.0   <-- AK1   NORML ILOG  TIME  ACNM (free fmt: R,I,I,R,R)
MN552    1.170E-08 0.030                       IWX
FE54P    3.910E-09 0.030                       IWX
FE58G    1.390E-09 0.030            FENG 20.00 IWX
CO59G    4.390E-08 0.030            CONG 20.00 IWX
Flux Uncertainty
   4                        
0.99E-10  0.01  1.5  20.1
0.30  0.30  0.30  0.30
Input Flux Spectrum
 252   0 1.000E+00 300.000 0.0000000   <-- NGP, ITHERM, TNORM, TMPR, ETE  (2I4, 3F10.4)
 1.0000E-11 1.0000E-10 5.0000E-10 7.6000E-10 1.0000E-09 1.2000E-09 1.5000E-09
 2.0000E-09 2.5500E-09 3.0000E-09 4.0000E-09 5.0000E-09 7.6000E-09 1.0000E-08
 2.5500E-08 3.0000E-08 4.0000E-08 5.0000E-08 6.0000E-08 6.9000E-08 8.0000E-08
 9.2000E-08 1.0000E-07 1.2500E-07 1.5000E-07 1.7500E-07 2.0000E-07 2.2500E-07
 2.5000E-07 2.7500E-07 3.0000E-07 3.2500E-07 3.5000E-07 3.7500E-07 4.0000E-07
 4.5000E-07 5.0000E-07 5.5000E-07 6.0000E-07 6.2500E-07 6.5000E-07 7.0000E-07
 7.5000E-07 8.0000E-07 8.5000E-07 9.0000E-07 9.2533E-07 9.5000E-07 9.7533E-07
 1.0000E-06 1.0100E-06 1.0200E-06 1.0300E-06 1.0400E-06 1.0500E-06 1.0600E-06
 1.0700E-06 1.0800E-06 1.0900E-06 1.1000E-06 1.1100E-06 1.1200E-06 1.1300E-06
 1.1400E-06 1.1500E-06 1.1750E-06 1.2000E-06 1.2250E-06 1.2500E-06 1.3000E-06
 1.3500E-06 1.4000E-06 1.4500E-06 1.5000E-06 1.5900E-06 1.6800E-06 1.7700E-06
 1.8600E-06 1.9400E-06 2.0000E-06 2.1200E-06 2.2100E-06 2.3000E-06 2.3800E-06
 2.4700E-06 2.5700E-06 2.6700E-06 2.7700E-06 2.8700E-06 2.9700E-06 3.0000E-06
 3.1000E-06 3.2000E-06 3.5000E-06 3.7300E-06 4.1000E-06 4.7000E-06 5.0000E-06
 5.4000E-06 6.0000E-06 6.2500E-06 6.5000E-06 6.7500E-06 6.8750E-06 7.0000E-06
 7.1500E-06 8.1000E-06 9.1000E-06 1.0000E-05 1.1500E-05 1.1900E-05 1.2900E-05
 1.4400E-05 1.6000E-05 1.7000E-05 1.8500E-05 1.9400E-05 2.0000E-05 2.0500E-05
 2.1200E-05 2.1750E-05 2.2500E-05 2.5000E-05 2.7500E-05 3.0000E-05 3.1266E-05
 3.1766E-05 3.3266E-05 3.3766E-05 3.5000E-05 3.5500E-05 3.6000E-05 3.7000E-05
 3.7133E-05 3.7266E-05 3.7633E-05 3.8000E-05 3.9100E-05 3.9600E-05 4.1000E-05
 4.2416E-05 4.4000E-05 4.5208E-05 4.8333E-05 5.0583E-05 5.3417E-05 5.8000E-05
 6.1000E-05 6.3000E-05 6.4999E-05 6.7500E-05 7.2000E-05 7.6000E-05 8.0000E-05
 8.1733E-05 9.0000E-05 9.7000E-05 1.0125E-04 1.0500E-04 1.0800E-04 1.1300E-04
 1.1600E-04 1.1750E-04 1.1900E-04 1.2200E-04 1.4300E-04 1.7000E-04 1.8000E-04
 1.8767E-04 1.8850E-04 1.9150E-04 1.9300E-04 2.0200E-04 2.0750E-04 2.0950E-04
 2.2000E-04 2.4000E-04 2.8500E-04 3.0500E-04 5.5000E-04 6.7000E-04 6.8299E-04
 9.5000E-04 1.1500E-03 1.5000E-03 1.5500E-03 1.8000E-03 2.2000E-03 2.2500E-03
 2.5000E-03 3.0000E-03 3.7400E-03 3.9000E-03 5.6999E-03 8.0333E-03 9.4999E-03
 1.3500E-02 1.7000E-02 2.0000E-02 3.0000E-02 4.5000E-02 5.0000E-02 5.2500E-02
 6.0000E-02 7.2000E-02 7.6000E-02 8.0000E-02 8.4000E-02 1.0000E-01 1.2750E-01
 1.5000E-01 2.0000E-01 2.7000E-01 3.2000E-01 4.0000E-01 4.2500E-01 4.5000E-01
 4.7500E-01 5.0000E-01 5.5000E-01 5.7500E-01 6.0000E-01 6.6000E-01 6.9000E-01
 7.4000E-01 7.8000E-01 8.0000E-01 8.4000E-01 8.8000E-01 9.2000E-01 9.6000E-01
 1.0000E+00 1.1000E+00 1.2000E+00 1.3000E+00 1.4000E+00 1.5000E+00 1.6000E+00
 1.8000E+00 2.3000E+00 2.5000E+00 3.0000E+00 4.3000E+00 4.8000E+00 6.4000E+00
 8.2000E+00 1.0000E+01 1.2800E+01 1.3800E+01 1.4500E+01 1.5700E+01 1.7300E+01
 2.0000E+01
 0.000000e+00 6.994867e+00 8.930150e+01 1.836648e+02 2.859992e+02 3.746075e+02
 6.504967e+02 6.592340e+02 7.760540e+02 9.068840e+02 1.196040e+03 1.868210e+03
 1.973984e+03 2.631604e+03 3.957693e+03 4.369106e+03 4.245050e+03 3.775750e+03
 3.129910e+03 2.642550e+03 2.041680e+03 1.762290e+03 1.321690e+03 8.936480e+02
 4.949560e+02 3.023464e+02 2.018532e+02 1.457796e+02 1.135532e+02 9.416800e+01
 8.223400e+01 7.258280e+01 6.774360e+01 6.165200e+01 5.857000e+01 5.189320e+01
 4.613480e+01 4.062080e+01 3.705060e+01 3.468112e+01 3.333616e+01 3.139640e+01
 2.880900e+01 2.720320e+01 2.456080e+01 2.304480e+01 2.195092e+01 2.210972e+01
 2.085932e+01 2.005868e+01 2.099240e+01 1.956560e+01 2.010990e+01 1.835620e+01
 1.844880e+01 1.893910e+01 1.902630e+01 1.957700e+01 1.694430e+01 1.782440e+01
 1.820190e+01 1.863660e+01 1.824370e+01 1.744190e+01 1.778080e+01 1.737540e+01
 1.691444e+01 1.637136e+01 1.557116e+01 1.602030e+01 1.452386e+01 1.426856e+01
 1.393252e+01 1.417162e+01 1.263956e+01 1.184233e+01 1.125433e+01 1.092921e+01
 1.021625e+01 9.485817e+00 9.545833e+00 9.162256e+00 8.560989e+00 8.327100e+00
 7.706889e+00 7.722500e+00 7.352990e+00 7.062380e+00 6.780660e+00 6.604170e+00
 6.255033e+00 6.480990e+00 6.117380e+00 5.749533e+00 5.217913e+00 4.864432e+00
 4.224233e+00 3.781867e+00 3.478500e+00 3.261433e+00 3.087844e+00 2.961332e+00
 2.683600e+00 2.802240e+00 2.724688e+00 2.636313e+00 2.428200e+00 2.169350e+00
 1.969456e+00 1.747693e+00 1.570575e+00 1.500270e+00 1.412180e+00 1.245538e+00
 1.129990e+00 1.061293e+00 1.011143e+00 9.528167e-01 9.232940e-01 8.758071e-01
 8.523909e-01 8.382533e-01 8.059120e-01 7.125240e-01 6.463760e-01 6.309392e-01
 6.084060e-01 5.895273e-01 5.519400e-01 5.506672e-01 5.170520e-01 5.034680e-01
 5.099230e-01 5.245546e-01 4.559179e-01 5.095167e-01 4.402622e-01 4.803582e-01
 4.622080e-01 4.745586e-01 4.579679e-01 4.481100e-01 4.164758e-01 4.154258e-01
 3.798913e-01 3.682429e-01 3.383783e-01 3.178743e-01 3.096255e-01 2.942815e-01
 2.840840e-01 2.702089e-01 2.583975e-01 2.414395e-01 2.376635e-01 2.227590e-01
 1.994771e-01 1.939164e-01 1.848250e-01 1.743153e-01 1.742602e-01 1.651387e-01
 1.658587e-01 1.643553e-01 1.565760e-01 1.442352e-01 1.207196e-01 1.078890e-01
 1.005282e-01 9.985650e-02 9.941167e-02 1.046067e-01 9.742833e-02 9.415796e-02
 9.256714e-02 8.978933e-02 8.347150e-02 7.448400e-02 7.024650e-02 4.510286e-02
 3.107417e-02 2.761223e-02 2.332300e-02 1.801040e-02 1.449946e-02 1.241782e-02
 1.128112e-02 9.771425e-03 8.865460e-03 7.741600e-03 6.871580e-03 5.702216e-03
 4.982394e-03 4.057217e-03 2.744850e-03 2.179789e-03 1.746460e-03 1.353292e-03
 1.096197e-03 9.132710e-04 5.404587e-04 4.860600e-04 4.385235e-04 4.253462e-04
 4.157715e-04 4.109250e-04 4.183286e-04 2.819967e-04 2.125807e-04 2.609770e-04
 2.558531e-04 1.848498e-04 1.624343e-04 1.476642e-04 1.327604e-04 1.087035e-04
 8.599000e-05 9.768533e-05 1.107586e-04 1.084752e-04 1.032278e-04 1.034559e-04
 1.011587e-04 1.018021e-04 1.072639e-04 9.011429e-05 7.923431e-05 7.151216e-05
 7.045360e-05 7.365150e-05 6.281367e-05 6.274511e-05 6.090070e-05 6.175140e-05
 5.534149e-05 5.545436e-05 5.604386e-05 5.285090e-05 4.479429e-05 3.436230e-05
 3.520984e-05 2.350921e-05 1.184916e-05 6.438851e-06 3.309914e-06 9.979635e-07
 2.703922e-07 5.190035e-08 9.757770e-09 4.554268e-09 1.736876e-09 3.726527e-10
 1.906921e-10
212  103  137  28  15  10  30  50  100  40