---Check KQT,TNORM, and Flux Spectrum---
313-2 Part 2: JP2 (Sample 'D')
  725    4    1    0    0     <-- KG    KA    IPNT  IACT  KQT  (5I5)
0.005  9.0  0.03  0.001       <-- ACVX  FCHN  FCVX  FS         (free format)
0.0   0   0  61603200.0  1.0   <-- AK1   NORML ILOG  TIME  ACNM (free fmt: R,I,I,R,R)
MN552    2.100E-08 0.030                       IWX
FE54P    6.990E-09 0.030                       IWX
FE58G    2.360E-09 0.030            FENG 20.00 IWX
CO59G    6.330E-08 0.030            CONG 20.00 IWX
Flux Uncertainty
   4                        
0.99E-10  0.01  1.5  20.1
0.30  0.30  0.30  0.30
Input Flux Spectrum
 252   0 1.000E+00 300.000 0.0000000   <-- NGP, ITHERM, TNORM, TMPR, ETE  (2I4, 3F10.4)
 1.0000E-11 1.0000E-10 5.0000E-10 7.6000E-10 1.0000E-09 1.2000E-09 1.5000E-09
 2.0000E-09 2.5500E-09 3.0000E-09 4.0000E-09 5.0000E-09 7.6000E-09 1.0000E-08
 2.5500E-08 3.0000E-08 4.0000E-08 5.0000E-08 6.0000E-08 6.9000E-08 8.0000E-08
 9.2000E-08 1.0000E-07 1.2500E-07 1.5000E-07 1.7500E-07 2.0000E-07 2.2500E-07
 2.5000E-07 2.7500E-07 3.0000E-07 3.2500E-07 3.5000E-07 3.7500E-07 4.0000E-07
 4.5000E-07 5.0000E-07 5.5000E-07 6.0000E-07 6.2500E-07 6.5000E-07 7.0000E-07
 7.5000E-07 8.0000E-07 8.5000E-07 9.0000E-07 9.2533E-07 9.5000E-07 9.7533E-07
 1.0000E-06 1.0100E-06 1.0200E-06 1.0300E-06 1.0400E-06 1.0500E-06 1.0600E-06
 1.0700E-06 1.0800E-06 1.0900E-06 1.1000E-06 1.1100E-06 1.1200E-06 1.1300E-06
 1.1400E-06 1.1500E-06 1.1750E-06 1.2000E-06 1.2250E-06 1.2500E-06 1.3000E-06
 1.3500E-06 1.4000E-06 1.4500E-06 1.5000E-06 1.5900E-06 1.6800E-06 1.7700E-06
 1.8600E-06 1.9400E-06 2.0000E-06 2.1200E-06 2.2100E-06 2.3000E-06 2.3800E-06
 2.4700E-06 2.5700E-06 2.6700E-06 2.7700E-06 2.8700E-06 2.9700E-06 3.0000E-06
 3.1000E-06 3.2000E-06 3.5000E-06 3.7300E-06 4.1000E-06 4.7000E-06 5.0000E-06
 5.4000E-06 6.0000E-06 6.2500E-06 6.5000E-06 6.7500E-06 6.8750E-06 7.0000E-06
 7.1500E-06 8.1000E-06 9.1000E-06 1.0000E-05 1.1500E-05 1.1900E-05 1.2900E-05
 1.4400E-05 1.6000E-05 1.7000E-05 1.8500E-05 1.9400E-05 2.0000E-05 2.0500E-05
 2.1200E-05 2.1750E-05 2.2500E-05 2.5000E-05 2.7500E-05 3.0000E-05 3.1266E-05
 3.1766E-05 3.3266E-05 3.3766E-05 3.5000E-05 3.5500E-05 3.6000E-05 3.7000E-05
 3.7133E-05 3.7266E-05 3.7633E-05 3.8000E-05 3.9100E-05 3.9600E-05 4.1000E-05
 4.2416E-05 4.4000E-05 4.5208E-05 4.8333E-05 5.0583E-05 5.3417E-05 5.8000E-05
 6.1000E-05 6.3000E-05 6.4999E-05 6.7500E-05 7.2000E-05 7.6000E-05 8.0000E-05
 8.1733E-05 9.0000E-05 9.7000E-05 1.0125E-04 1.0500E-04 1.0800E-04 1.1300E-04
 1.1600E-04 1.1750E-04 1.1900E-04 1.2200E-04 1.4300E-04 1.7000E-04 1.8000E-04
 1.8767E-04 1.8850E-04 1.9150E-04 1.9300E-04 2.0200E-04 2.0750E-04 2.0950E-04
 2.2000E-04 2.4000E-04 2.8500E-04 3.0500E-04 5.5000E-04 6.7000E-04 6.8299E-04
 9.5000E-04 1.1500E-03 1.5000E-03 1.5500E-03 1.8000E-03 2.2000E-03 2.2500E-03
 2.5000E-03 3.0000E-03 3.7400E-03 3.9000E-03 5.6999E-03 8.0333E-03 9.4999E-03
 1.3500E-02 1.7000E-02 2.0000E-02 3.0000E-02 4.5000E-02 5.0000E-02 5.2500E-02
 6.0000E-02 7.2000E-02 7.6000E-02 8.0000E-02 8.4000E-02 1.0000E-01 1.2750E-01
 1.5000E-01 2.0000E-01 2.7000E-01 3.2000E-01 4.0000E-01 4.2500E-01 4.5000E-01
 4.7500E-01 5.0000E-01 5.5000E-01 5.7500E-01 6.0000E-01 6.6000E-01 6.9000E-01
 7.4000E-01 7.8000E-01 8.0000E-01 8.4000E-01 8.8000E-01 9.2000E-01 9.6000E-01
 1.0000E+00 1.1000E+00 1.2000E+00 1.3000E+00 1.4000E+00 1.5000E+00 1.6000E+00
 1.8000E+00 2.3000E+00 2.5000E+00 3.0000E+00 4.3000E+00 4.8000E+00 6.4000E+00
 8.2000E+00 1.0000E+01 1.2800E+01 1.3800E+01 1.4500E+01 1.5700E+01 1.7300E+01
 2.0000E+01
 0.000000e+00 1.877944e+01 1.338030e+02 2.976428e+02 4.786120e+02 6.351900e+02
 9.635400e+02 1.072544e+03 1.184528e+03 1.422642e+03 1.873110e+03 2.945390e+03
 3.152632e+03 4.117160e+03 6.253170e+03 6.905596e+03 6.710040e+03 5.967960e+03
 5.003480e+03 4.183410e+03 3.261490e+03 2.785510e+03 2.110130e+03 1.430476e+03
 8.064080e+02 4.999800e+02 3.347812e+02 2.408284e+02 1.897732e+02 1.622604e+02
 1.394764e+02 1.266380e+02 1.141788e+02 1.042172e+02 9.746040e+01 9.019360e+01
 7.844440e+01 6.868580e+01 6.359920e+01 5.884040e+01 5.670400e+01 5.324580e+01
 4.960580e+01 4.531660e+01 4.310160e+01 4.000480e+01 3.866880e+01 3.788872e+01
 3.578180e+01 3.435972e+01 3.457520e+01 3.392550e+01 3.495290e+01 3.345300e+01
 3.175680e+01 3.258430e+01 3.211450e+01 3.062330e+01 3.139170e+01 3.294870e+01
 3.082300e+01 3.000400e+01 2.898240e+01 2.901820e+01 3.053640e+01 3.017568e+01
 2.862708e+01 2.824128e+01 2.830960e+01 2.611720e+01 2.639360e+01 2.484940e+01
 2.366300e+01 2.284960e+01 2.195478e+01 2.043578e+01 1.946667e+01 1.848878e+01
 1.767237e+01 1.703050e+01 1.598250e+01 1.513344e+01 1.476633e+01 1.408250e+01
 1.362511e+01 1.324400e+01 1.262660e+01 1.217300e+01 1.183430e+01 1.108410e+01
 1.051790e+01 1.085990e+01 1.062320e+01 9.879600e+00 9.167304e+00 8.391243e+00
 7.395150e+00 6.606467e+00 6.109300e+00 5.674600e+00 5.220080e+00 4.913840e+00
 4.720120e+00 4.843920e+00 4.576552e+00 4.555467e+00 4.230253e+00 3.720850e+00
 3.402244e+00 2.976947e+00 2.735875e+00 2.618610e+00 2.349900e+00 2.147875e+00
 1.978860e+00 1.818907e+00 1.725367e+00 1.621122e+00 1.594514e+00 1.550429e+00
 1.477664e+00 1.481133e+00 1.362956e+00 1.236860e+00 1.124484e+00 1.075896e+00
 1.036750e+00 9.972667e-01 9.704840e-01 9.526960e-01 9.340420e-01 9.317480e-01
 9.121600e-01 9.388308e-01 8.677429e-01 8.505472e-01 8.559216e-01 8.418573e-01
 8.269300e-01 8.107143e-01 7.871643e-01 7.287313e-01 6.909950e-01 6.792516e-01
 6.618435e-01 6.245143e-01 5.822826e-01 5.450733e-01 5.238350e-01 5.054050e-01
 4.804440e-01 4.622822e-01 4.334500e-01 4.113450e-01 4.073935e-01 3.816663e-01
 3.502014e-01 3.392667e-01 3.210263e-01 3.016627e-01 2.993640e-01 2.826660e-01
 2.822333e-01 2.872933e-01 2.736227e-01 2.482095e-01 2.055481e-01 1.871450e-01
 1.803104e-01 1.571863e-01 1.701140e-01 1.678680e-01 1.668689e-01 1.571559e-01
 1.591238e-01 1.531057e-01 1.422920e-01 1.259016e-01 1.175705e-01 7.729918e-02
 5.439375e-02 4.631792e-02 4.038689e-02 3.071800e-02 2.428186e-02 2.119120e-02
 1.945776e-02 1.665240e-02 1.552784e-02 1.361912e-02 1.177194e-02 9.851324e-03
 8.704375e-03 6.996444e-03 4.713047e-03 3.692007e-03 2.993257e-03 2.273105e-03
 1.874150e-03 1.576670e-03 9.315667e-04 8.200940e-04 7.345050e-04 7.244837e-04
 7.200277e-04 7.368900e-04 7.316243e-04 4.825600e-04 3.707027e-04 4.539187e-04
 4.349599e-04 3.200333e-04 2.819200e-04 2.520733e-04 2.293771e-04 1.886305e-04
 1.495125e-04 1.670157e-04 1.919436e-04 1.870190e-04 1.784026e-04 1.808815e-04
 1.761071e-04 1.759922e-04 1.827507e-04 1.558029e-04 1.375706e-04 1.232468e-04
 1.239856e-04 1.296295e-04 1.085292e-04 1.077310e-04 1.025130e-04 1.071046e-04
 9.411075e-05 9.243846e-05 9.489636e-05 9.109510e-05 7.751000e-05 5.810873e-05
 6.027952e-05 4.010653e-05 2.014793e-05 1.098623e-05 5.703807e-06 1.708180e-06
 4.529939e-07 8.936972e-08 1.374890e-08 6.694141e-09 5.383912e-09 1.711339e-09
 3.617610e-10
212  103  137  28  15  10  30  50  100  40