Estimated flux uncertainties
  54
1.000e-11 1.000e-10 5.000e-10 1.500e-09 4.000e-09 1.000e-08 2.530e-08 3.000e-08 
1.010e-06 1.300e-06 3.000e-06 3.100e-06 4.700e-06 8.100e-06 1.190e-05 2.500e-05 
3.175e-05 3.713e-05 3.910e-05 3.960e-05 4.830e-05 9.000e-05 1.175e-04 1.430e-04 
1.800e-04 1.885e-04 2.020e-04 2.095e-04 2.200e-04 5.500e-04 6.700e-04 6.830e-04 
9.500e-04 1.550e-03 1.800e-03 2.250e-03 2.500e-03 3.900e-03 5.700e-03 5.200e-02 
7.300e-02 7.500e-02 1.283e-01 4.200e-01 7.500e-01 8.750e-01 1.010e+00 1.850e+00 
2.479e+00 1.000e+01 1.284e+01 1.384e+01 1.455e+01 2.000e+01 
0.000e+00 2.854e-01 7.370e-02 3.140e-02 1.310e-02 5.800e-03 2.200e-03 2.770e-02 
4.870e-02 2.600e-02 5.320e-02 2.550e-02 3.330e-02 1.490e-02 2.930e-02 2.300e-02 
3.950e-02 7.680e-02 2.690e-02 4.130e-02 3.210e-02 2.800e-02 4.260e-02 1.160e-02 
2.180e-02 7.030e-02 2.840e-02 4.700e-02 2.060e-02 6.300e-03 1.060e-02 3.320e-02 
1.080e-02 2.660e-02 1.220e-02 3.100e-02 1.440e-02 2.370e-02 1.340e-02 2.160e-02 
8.800e-03 2.070e-02 8.800e-03 2.070e-02 1.140e-02 2.020e-02 1.380e-02 5.300e-03 
1.560e-02 2.910e-02 5.220e-02 1.821e-01 3.643e-01 1.000e+00 
MCNP-estimated MG flux
 252   0 1.0000e+00  300.0000    0.0000
1.000000e-11 1.000000e-10 5.000000e-10 7.500000e-10 1.000000e-09 1.200000e-09
 1.500000e-09 2.000000e-09 2.500000e-09 3.000000e-09 4.000000e-09 5.000000e-09
 7.500000e-09 1.000000e-08 2.530000e-08 3.000000e-08 4.000000e-08 5.000000e-08
 6.000000e-08 7.000000e-08 8.000000e-08 9.000000e-08 1.000000e-07 1.250000e-07
 1.500000e-07 1.750000e-07 2.000000e-07 2.250000e-07 2.500000e-07 2.750000e-07
 3.000000e-07 3.250000e-07 3.500000e-07 3.750000e-07 4.000000e-07 4.500000e-07
 5.000000e-07 5.500000e-07 6.000000e-07 6.250000e-07 6.500000e-07 7.000000e-07
 7.500000e-07 8.000000e-07 8.500000e-07 9.000000e-07 9.250000e-07 9.500000e-07
 9.750000e-07 1.000000e-06 1.010000e-06 1.020000e-06 1.030000e-06 1.040000e-06
 1.050000e-06 1.060000e-06 1.070000e-06 1.080000e-06 1.090000e-06 1.100000e-06
 1.110000e-06 1.120000e-06 1.130000e-06 1.140000e-06 1.150000e-06 1.175000e-06
 1.200000e-06 1.225000e-06 1.250000e-06 1.300000e-06 1.350000e-06 1.400000e-06
 1.450000e-06 1.500000e-06 1.590000e-06 1.680000e-06 1.770000e-06 1.860000e-06
 1.940000e-06 2.000000e-06 2.120000e-06 2.210000e-06 2.300000e-06 2.380000e-06
 2.470000e-06 2.570000e-06 2.670000e-06 2.770000e-06 2.870000e-06 2.970000e-06
 3.000000e-06 3.100000e-06 3.200000e-06 3.500000e-06 3.730000e-06 4.100000e-06
 4.700000e-06 5.000000e-06 5.400000e-06 6.000000e-06 6.250000e-06 6.500000e-06
 6.750000e-06 6.875000e-06 7.000000e-06 7.150000e-06 8.100000e-06 9.100000e-06
 1.000000e-05 1.150000e-05 1.190000e-05 1.290000e-05 1.440000e-05 1.600000e-05
 1.700000e-05 1.850000e-05 1.940000e-05 2.000000e-05 2.050000e-05 2.120000e-05
 2.175000e-05 2.250000e-05 2.500000e-05 2.750000e-05 3.000000e-05 3.125000e-05
 3.175000e-05 3.325000e-05 3.375000e-05 3.500000e-05 3.550000e-05 3.600000e-05
 3.700000e-05 3.713000e-05 3.727000e-05 3.763000e-05 3.800000e-05 3.910000e-05
 3.960000e-05 4.100000e-05 4.240000e-05 4.400000e-05 4.520000e-05 4.830000e-05
 5.060000e-05 5.340000e-05 5.800000e-05 6.100000e-05 6.300000e-05 6.500000e-05
 6.750000e-05 7.200000e-05 7.600000e-05 8.000000e-05 8.170000e-05 9.000000e-05
 9.700000e-05 1.012000e-04 1.050000e-04 1.080000e-04 1.130000e-04 1.160000e-04
 1.175000e-04 1.190000e-04 1.220000e-04 1.430000e-04 1.700000e-04 1.800000e-04
 1.877000e-04 1.885000e-04 1.915000e-04 1.930000e-04 2.020000e-04 2.074000e-04
 2.095000e-04 2.200000e-04 2.400000e-04 2.850000e-04 3.050000e-04 5.500000e-04
 6.700000e-04 6.830000e-04 9.500000e-04 1.150000e-03 1.500000e-03 1.550000e-03
 1.800000e-03 2.200000e-03 2.250000e-03 2.500000e-03 3.000000e-03 3.740000e-03
 3.900000e-03 5.700000e-03 8.030000e-03 9.500000e-03 1.300000e-02 1.700000e-02
 2.000000e-02 3.000000e-02 4.500000e-02 5.000000e-02 5.200000e-02 6.000000e-02
 7.300000e-02 7.500000e-02 8.200000e-02 8.500000e-02 1.000000e-01 1.283000e-01
 1.490000e-01 2.000000e-01 2.700000e-01 3.300000e-01 4.000000e-01 4.200000e-01
 4.400000e-01 4.700000e-01 4.920000e-01 5.500000e-01 5.730000e-01 6.000000e-01
 6.700000e-01 6.790000e-01 7.500000e-01 8.200000e-01 8.611000e-01 8.750000e-01
 9.000000e-01 9.200000e-01 1.010000e+00 1.100000e+00 1.200000e+00 1.250000e+00
 1.317000e+00 1.356000e+00 1.400000e+00 1.500000e+00 1.850000e+00 2.354000e+00
 2.479000e+00 3.000000e+00 4.304000e+00 4.800000e+00 6.434000e+00 8.187000e+00
 1.000000e+01 1.284000e+01 1.384000e+01 1.455000e+01 1.568000e+01 1.733000e+01
 2.000000e+01
 7.320000e-10 1.842150e-08 6.010380e-08 1.028052e-07 1.768566e-07
 3.605245e-07 5.120760e-07 6.971600e-07 1.023438e-06 1.765472e-06 3.495370e-06
 5.469210e-06 9.466280e-06 3.563728e-05 4.609762e-05 5.917120e-05 6.561700e-05
 6.522660e-05 6.357428e-05 5.637640e-05 5.428782e-05 4.485020e-05 3.791930e-05
 2.493672e-05 1.752191e-05 1.304008e-05 1.039896e-05 8.902600e-06 8.165586e-06
 7.544256e-06 7.495033e-06 7.468818e-06 7.039140e-06 7.393184e-06 7.269624e-06
 7.298760e-06 6.784371e-06 7.044252e-06 6.886775e-06 6.742710e-06 6.873146e-06
 6.693540e-06 6.729504e-06 6.560555e-06 6.503400e-06 6.620151e-06 6.204412e-06
 6.248034e-06 6.302080e-06 6.063474e-06 6.209780e-06 6.462889e-06 6.615440e-06
 6.138752e-06 6.274405e-06 6.082640e-06 6.364883e-06 6.315177e-06 6.851933e-06
 6.829619e-06 6.229406e-06 6.625314e-06 6.252615e-06 6.083926e-06 6.060697e-06
 6.560016e-06 6.302625e-06 6.479050e-06 6.430580e-06 6.166287e-06 6.228096e-06
 6.105486e-06 6.252390e-06 6.165561e-06 6.024368e-06 6.364546e-06 6.265947e-06
 6.075352e-06 6.049133e-06 6.199304e-06 6.273159e-06 5.971311e-06 6.081465e-06
 6.100735e-06 5.950475e-06 6.357217e-06 5.900017e-06 6.064568e-06 6.294915e-06
 5.569040e-06 6.168101e-06 5.864064e-06 6.195583e-06 6.351217e-06 6.186922e-06
 6.303483e-06 5.999300e-06 5.989289e-06 5.987460e-06 5.986650e-06 5.812638e-06
 5.809293e-06 5.885605e-06 6.355440e-06 5.752270e-06 6.126763e-06 6.108466e-06
 6.260322e-06 6.231260e-06 5.811246e-06 6.029176e-06 6.155107e-06 6.187510e-06
 6.127956e-06 5.976030e-06 5.939827e-06 6.334467e-06 6.160742e-06 5.661187e-06
 5.845174e-06 5.787600e-06 6.013660e-06 6.096310e-06 6.005508e-06 5.693050e-06
 5.891416e-06 6.044340e-06 6.039461e-06 5.826772e-06 6.204718e-06 5.760144e-06
 6.065188e-06 6.096889e-06 5.268620e-06 5.706297e-06 5.606366e-06 5.854798e-06
 5.566453e-06 5.670564e-06 6.140762e-06 5.947948e-06 5.976984e-06 6.117507e-06
 5.910036e-06 5.927343e-06 6.018496e-06 6.035523e-06 6.220557e-06 5.882273e-06
 6.030774e-06 5.985536e-06 5.989256e-06 5.976720e-06 5.600823e-06 6.187164e-06
 5.773731e-06 5.962728e-06 6.027553e-06 5.856300e-06 5.923076e-06 5.947900e-06
 5.773159e-06 6.404088e-06 6.256648e-06 6.367021e-06 6.428204e-06 5.988978e-06
 6.178206e-06 5.509902e-06 5.744470e-06 6.036512e-06 6.013428e-06 5.968357e-06
 5.391193e-06 5.959234e-06 6.138780e-06 6.252970e-06 6.026998e-06 7.519578e-06
 6.285549e-06 6.028211e-06 6.672878e-06 6.325690e-06 6.530271e-06 5.708123e-06
 6.300634e-06 6.072330e-06 5.858595e-06 5.919250e-06 6.162180e-06 6.327726e-06
 5.540023e-06 7.034877e-06 6.513846e-06 6.259395e-06 6.821657e-06 6.741180e-06
 6.430680e-06 8.535870e-06 6.814770e-06 6.728470e-06 7.125768e-06 7.736175e-06
 9.665986e-06 1.151077e-05 1.106753e-05 6.698142e-06 5.292433e-06 1.036954e-05
 1.182714e-05 1.092545e-05 1.308381e-05 1.397649e-05 1.621714e-05 1.378799e-05
 1.135363e-05 1.341201e-05 1.694231e-05 1.793465e-05 1.795715e-05 1.865078e-05
 1.996571e-05 2.103595e-05 2.412264e-05 2.169392e-05 1.945481e-05 1.729611e-05
 1.870078e-05 1.982881e-05 1.891281e-05 2.122890e-05 2.101536e-05 2.303982e-05
 2.136292e-05 2.220735e-05 2.287769e-05 2.338470e-05 2.452260e-05 2.346569e-05
 2.618161e-05 2.022501e-05 1.453735e-05 8.722171e-06 6.054299e-06 2.319686e-06
 7.794429e-07 1.982401e-07 4.381772e-08 2.713042e-08 9.212430e-09 8.620625e-09
 3.848929e-10
212  103  137  28  15  10  30  50  100  40