313-19 Part 1: JP11 (Sample 'D')
  725    4    1    0   2     <-- KG    KA    IPNT  IACT  KQT  (5I5)
0.005  9.0  0.03  0.001       <-- ACVX  FCHN  FCVX  FS         (free format)
0.0   0   0  36806400.0  1.0   <-- AK1   NORML ILOG  TIME  ACNM (free fmt: R,I,I,R,R)
MN552    1.180E-13 0.050            MN2N 00.00 IWX
FE54P    3.630E-11 0.050                       IWX
CO59G    3.920E-08 0.050            CONG 00.00 IWX
NB93G    2.040E-09 0.050            NBNG 00.00 IWX
Flux Uncertainty
   4                        
0.99E-10  0.01  1.5  20.1
0.30  0.30  0.30  0.30
Input Flux Spectrum
 252   0 1.000E+00 300.000 0.0000000   <-- NGP, ITHERM, TNORM, TMPR, ETE  (2I4, 3F10.4)
 1.0000E-11 1.0000E-10 5.0000E-10 7.6000E-10 1.0000E-09 1.2000E-09 1.5000E-09
 2.0000E-09 2.5500E-09 3.0000E-09 4.0000E-09 5.0000E-09 7.6000E-09 1.0000E-08
 2.5500E-08 3.0000E-08 4.0000E-08 5.0000E-08 6.0000E-08 6.9000E-08 8.0000E-08
 9.2000E-08 1.0000E-07 1.2500E-07 1.5000E-07 1.7500E-07 2.0000E-07 2.2500E-07
 2.5000E-07 2.7500E-07 3.0000E-07 3.2500E-07 3.5000E-07 3.7500E-07 4.0000E-07
 4.5000E-07 5.0000E-07 5.5000E-07 6.0000E-07 6.2500E-07 6.5000E-07 7.0000E-07
 7.5000E-07 8.0000E-07 8.5000E-07 9.0000E-07 9.2533E-07 9.5000E-07 9.7533E-07
 1.0000E-06 1.0100E-06 1.0200E-06 1.0300E-06 1.0400E-06 1.0500E-06 1.0600E-06
 1.0700E-06 1.0800E-06 1.0900E-06 1.1000E-06 1.1100E-06 1.1200E-06 1.1300E-06
 1.1400E-06 1.1500E-06 1.1750E-06 1.2000E-06 1.2250E-06 1.2500E-06 1.3000E-06
 1.3500E-06 1.4000E-06 1.4500E-06 1.5000E-06 1.5900E-06 1.6800E-06 1.7700E-06
 1.8600E-06 1.9400E-06 2.0000E-06 2.1200E-06 2.2100E-06 2.3000E-06 2.3800E-06
 2.4700E-06 2.5700E-06 2.6700E-06 2.7700E-06 2.8700E-06 2.9700E-06 3.0000E-06
 3.1000E-06 3.2000E-06 3.5000E-06 3.7300E-06 4.1000E-06 4.7000E-06 5.0000E-06
 5.4000E-06 6.0000E-06 6.2500E-06 6.5000E-06 6.7500E-06 6.8750E-06 7.0000E-06
 7.1500E-06 8.1000E-06 9.1000E-06 1.0000E-05 1.1500E-05 1.1900E-05 1.2900E-05
 1.4400E-05 1.6000E-05 1.7000E-05 1.8500E-05 1.9400E-05 2.0000E-05 2.0500E-05
 2.1200E-05 2.1750E-05 2.2500E-05 2.5000E-05 2.7500E-05 3.0000E-05 3.1266E-05
 3.1766E-05 3.3266E-05 3.3766E-05 3.5000E-05 3.5500E-05 3.6000E-05 3.7000E-05
 3.7133E-05 3.7266E-05 3.7633E-05 3.8000E-05 3.9100E-05 3.9600E-05 4.1000E-05
 4.2416E-05 4.4000E-05 4.5208E-05 4.8333E-05 5.0583E-05 5.3417E-05 5.8000E-05
 6.1000E-05 6.3000E-05 6.4999E-05 6.7500E-05 7.2000E-05 7.6000E-05 8.0000E-05
 8.1733E-05 9.0000E-05 9.7000E-05 1.0125E-04 1.0500E-04 1.0800E-04 1.1300E-04
 1.1600E-04 1.1750E-04 1.1900E-04 1.2200E-04 1.4300E-04 1.7000E-04 1.8000E-04
 1.8767E-04 1.8850E-04 1.9150E-04 1.9300E-04 2.0200E-04 2.0750E-04 2.0950E-04
 2.2000E-04 2.4000E-04 2.8500E-04 3.0500E-04 5.5000E-04 6.7000E-04 6.8299E-04
 9.5000E-04 1.1500E-03 1.5000E-03 1.5500E-03 1.8000E-03 2.2000E-03 2.2500E-03
 2.5000E-03 3.0000E-03 3.7400E-03 3.9000E-03 5.6999E-03 8.0333E-03 9.4999E-03
 1.3500E-02 1.7000E-02 2.0000E-02 3.0000E-02 4.5000E-02 5.0000E-02 5.2500E-02
 6.0000E-02 7.2000E-02 7.6000E-02 8.0000E-02 8.4000E-02 1.0000E-01 1.2750E-01
 1.5000E-01 2.0000E-01 2.7000E-01 3.2000E-01 4.0000E-01 4.2500E-01 4.5000E-01
 4.7500E-01 5.0000E-01 5.5000E-01 5.7500E-01 6.0000E-01 6.6000E-01 6.9000E-01
 7.4000E-01 7.8000E-01 8.0000E-01 8.4000E-01 8.8000E-01 9.2000E-01 9.6000E-01
 1.0000E+00 1.1000E+00 1.2000E+00 1.3000E+00 1.4000E+00 1.5000E+00 1.6000E+00
 1.8000E+00 2.3000E+00 2.5000E+00 3.0000E+00 4.3000E+00 4.8000E+00 6.4000E+00
 8.2000E+00 1.0000E+01 1.2800E+01 1.3800E+01 1.4500E+01 1.5700E+01 1.7300E+01
 2.0000E+01
4.94E+10
1.52E+12
4.68E+12
9.26E+12
1.50E+13
3.12E+13
4.34E+13
5.86E+13
8.90E+13
1.53E+14
3.34E+14
4.94E+14
1.31E+15
3.10E+15
4.32E+15
5.36E+15
5.86E+15
5.78E+15
5.58E+15
4.88E+15
4.68E+15
4.16E+15
3.42E+15
2.22E+15
1.55E+15
1.14E+15
9.20E+14
7.86E+14
7.22E+14
6.66E+14
6.50E+14
6.40E+14
6.26E+14
6.34E+14
6.42E+14
6.36E+14
6.20E+14
5.96E+14
5.72E+14
5.80E+14
5.90E+14
5.90E+14
5.84E+14
5.70E+14
5.54E+14
5.36E+14
5.28E+14
5.60E+14
5.22E+14
5.42E+14
5.06E+14
5.34E+14
5.12E+14
5.08E+14
5.48E+14
5.32E+14
5.54E+14
5.06E+14
5.18E+14
5.38E+14
5.30E+14
5.10E+14
5.20E+14
5.38E+14
5.36E+14
5.20E+14
5.26E+14
5.46E+14
5.34E+14
5.52E+14
5.36E+14
5.20E+14
5.32E+14
5.40E+14
5.44E+14
5.32E+14
5.44E+14
5.30E+14
5.10E+14
5.30E+14
5.22E+14
5.32E+14
5.18E+14
5.26E+14
5.22E+14
5.56E+14
5.14E+14
5.18E+14
4.96E+14
5.10E+14
5.14E+14
5.16E+14
5.36E+14
5.34E+14
5.50E+14
5.44E+14
5.22E+14
5.18E+14
5.20E+14
5.10E+14
5.10E+14
5.04E+14
5.02E+14
4.90E+14
5.16E+14
5.60E+14
5.68E+14
5.54E+14
5.20E+14
5.32E+14
5.44E+14
5.44E+14
5.32E+14
5.14E+14
5.20E+14
5.10E+14
5.24E+14
5.10E+14
5.16E+14
4.88E+14
5.38E+14
5.38E+14
5.42E+14
5.18E+14
4.80E+14
5.28E+14
5.16E+14
5.04E+14
5.20E+14
5.06E+14
4.96E+14
5.20E+14
4.82E+14
5.48E+14
5.02E+14
5.12E+14
4.94E+14
4.88E+14
5.10E+14
5.26E+14
5.12E+14
5.08E+14
5.14E+14
5.08E+14
5.22E+14
5.24E+14
5.08E+14
4.98E+14
5.18E+14
5.24E+14
5.06E+14
5.02E+14
5.04E+14
5.26E+14
5.34E+14
5.04E+14
5.16E+14
5.12E+14
5.12E+14
5.16E+14
5.08E+14
5.04E+14
4.90E+14
5.46E+14
5.84E+14
5.40E+14
5.22E+14
5.10E+14
5.10E+14
4.90E+14
4.54E+14
5.08E+14
4.88E+14
4.92E+14
5.40E+14
5.52E+14
5.56E+14
7.40E+14
7.04E+14
5.36E+14
6.18E+14
6.28E+14
6.12E+14
5.66E+14
5.26E+14
5.80E+14
5.58E+14
5.38E+14
5.54E+14
5.94E+14
5.52E+14
6.30E+14
7.08E+14
6.18E+14
6.22E+14
6.66E+14
6.20E+14
6.92E+14
8.72E+14
6.54E+14
6.20E+14
6.24E+14
7.22E+14
7.78E+14
8.62E+14
9.12E+14
6.62E+14
6.28E+14
9.32E+14
1.13E+15
1.10E+15
1.25E+15
1.35E+15
1.39E+15
1.19E+15
9.86E+14
1.18E+15
1.47E+15
1.53E+15
1.50E+15
1.66E+15
1.73E+15
1.86E+15
2.12E+15
1.92E+15
1.72E+15
1.63E+15
1.66E+15
1.76E+15
1.67E+15
1.83E+15
1.87E+15
2.00E+15
1.83E+15
1.85E+15
2.06E+15
2.20E+15
2.36E+15
2.08E+15
2.40E+15
2.14E+15
1.35E+15
9.08E+14
6.04E+14
2.24E+14
7.66E+13
1.66E+13
4.00E+12
2.98E+12
8.94E+11
2.30E+11
1.68E+11
212  103  137  28  15  10  30  50  100  40