Estimated flux uncertainties
  54
1.000e-11 1.000e-10 5.000e-10 1.500e-09 4.000e-09 1.000e-08 2.530e-08 3.000e-08 
1.300e-06 3.000e-06 3.500e-06 8.100e-06 1.190e-05 2.500e-05 3.175e-05 3.713e-05 
3.910e-05 3.960e-05 4.830e-05 1.430e-04 1.800e-04 1.885e-04 1.915e-04 1.930e-04 
2.020e-04 2.095e-04 2.200e-04 2.850e-04 3.050e-04 5.500e-04 6.700e-04 6.830e-04 
9.500e-04 1.550e-03 1.800e-03 2.250e-03 2.500e-03 3.900e-03 5.700e-03 5.200e-02 
7.300e-02 7.500e-02 1.283e-01 4.200e-01 7.500e-01 8.750e-01 1.010e+00 1.850e+00 
2.479e+00 1.000e+01 1.284e+01 1.384e+01 1.455e+01 2.000e+01 
0.000e+00 5.977e-01 1.611e-01 7.660e-02 3.280e-02 1.470e-02 5.200e-03 1.289e-01 
6.390e-02 1.114e-01 8.620e-02 3.760e-02 7.270e-02 5.420e-02 9.760e-02 1.845e-01 
7.010e-02 1.078e-01 1.023e-01 3.010e-02 5.360e-02 2.123e-01 7.740e-02 1.237e-01 
6.420e-02 1.216e-01 5.600e-02 2.730e-02 4.220e-02 1.520e-02 2.590e-02 7.880e-02 
2.600e-02 6.160e-02 2.990e-02 7.740e-02 3.560e-02 5.700e-02 3.310e-02 5.290e-02 
2.140e-02 5.490e-02 2.130e-02 5.230e-02 2.740e-02 4.770e-02 3.460e-02 1.270e-02 
3.650e-02 6.680e-02 1.242e-01 4.591e-01 1.000e+00 0.000e+00 
MCNP-estimated MG flux
 252   0 1.0000e+00  300.0000    0.0000
1.000000e-11 1.000000e-10 5.000000e-10 7.500000e-10 1.000000e-09 1.200000e-09
 1.500000e-09 2.000000e-09 2.500000e-09 3.000000e-09 4.000000e-09 5.000000e-09
 7.500000e-09 1.000000e-08 2.530000e-08 3.000000e-08 4.000000e-08 5.000000e-08
 6.000000e-08 7.000000e-08 8.000000e-08 9.000000e-08 1.000000e-07 1.250000e-07
 1.500000e-07 1.750000e-07 2.000000e-07 2.250000e-07 2.500000e-07 2.750000e-07
 3.000000e-07 3.250000e-07 3.500000e-07 3.750000e-07 4.000000e-07 4.500000e-07
 5.000000e-07 5.500000e-07 6.000000e-07 6.250000e-07 6.500000e-07 7.000000e-07
 7.500000e-07 8.000000e-07 8.500000e-07 9.000000e-07 9.250000e-07 9.500000e-07
 9.750000e-07 1.000000e-06 1.010000e-06 1.020000e-06 1.030000e-06 1.040000e-06
 1.050000e-06 1.060000e-06 1.070000e-06 1.080000e-06 1.090000e-06 1.100000e-06
 1.110000e-06 1.120000e-06 1.130000e-06 1.140000e-06 1.150000e-06 1.175000e-06
 1.200000e-06 1.225000e-06 1.250000e-06 1.300000e-06 1.350000e-06 1.400000e-06
 1.450000e-06 1.500000e-06 1.590000e-06 1.680000e-06 1.770000e-06 1.860000e-06
 1.940000e-06 2.000000e-06 2.120000e-06 2.210000e-06 2.300000e-06 2.380000e-06
 2.470000e-06 2.570000e-06 2.670000e-06 2.770000e-06 2.870000e-06 2.970000e-06
 3.000000e-06 3.100000e-06 3.200000e-06 3.500000e-06 3.730000e-06 4.100000e-06
 4.700000e-06 5.000000e-06 5.400000e-06 6.000000e-06 6.250000e-06 6.500000e-06
 6.750000e-06 6.875000e-06 7.000000e-06 7.150000e-06 8.100000e-06 9.100000e-06
 1.000000e-05 1.150000e-05 1.190000e-05 1.290000e-05 1.440000e-05 1.600000e-05
 1.700000e-05 1.850000e-05 1.940000e-05 2.000000e-05 2.050000e-05 2.120000e-05
 2.175000e-05 2.250000e-05 2.500000e-05 2.750000e-05 3.000000e-05 3.125000e-05
 3.175000e-05 3.325000e-05 3.375000e-05 3.500000e-05 3.550000e-05 3.600000e-05
 3.700000e-05 3.713000e-05 3.727000e-05 3.763000e-05 3.800000e-05 3.910000e-05
 3.960000e-05 4.100000e-05 4.240000e-05 4.400000e-05 4.520000e-05 4.830000e-05
 5.060000e-05 5.340000e-05 5.800000e-05 6.100000e-05 6.300000e-05 6.500000e-05
 6.750000e-05 7.200000e-05 7.600000e-05 8.000000e-05 8.170000e-05 9.000000e-05
 9.700000e-05 1.012000e-04 1.050000e-04 1.080000e-04 1.130000e-04 1.160000e-04
 1.175000e-04 1.190000e-04 1.220000e-04 1.430000e-04 1.700000e-04 1.800000e-04
 1.877000e-04 1.885000e-04 1.915000e-04 1.930000e-04 2.020000e-04 2.074000e-04
 2.095000e-04 2.200000e-04 2.400000e-04 2.850000e-04 3.050000e-04 5.500000e-04
 6.700000e-04 6.830000e-04 9.500000e-04 1.150000e-03 1.500000e-03 1.550000e-03
 1.800000e-03 2.200000e-03 2.250000e-03 2.500000e-03 3.000000e-03 3.740000e-03
 3.900000e-03 5.700000e-03 8.030000e-03 9.500000e-03 1.300000e-02 1.700000e-02
 2.000000e-02 3.000000e-02 4.500000e-02 5.000000e-02 5.200000e-02 6.000000e-02
 7.300000e-02 7.500000e-02 8.200000e-02 8.500000e-02 1.000000e-01 1.283000e-01
 1.490000e-01 2.000000e-01 2.700000e-01 3.300000e-01 4.000000e-01 4.200000e-01
 4.400000e-01 4.700000e-01 4.920000e-01 5.500000e-01 5.730000e-01 6.000000e-01
 6.700000e-01 6.790000e-01 7.500000e-01 8.200000e-01 8.611000e-01 8.750000e-01
 9.000000e-01 9.200000e-01 1.010000e+00 1.100000e+00 1.200000e+00 1.250000e+00
 1.317000e+00 1.356000e+00 1.400000e+00 1.500000e+00 1.850000e+00 2.354000e+00
 2.479000e+00 3.000000e+00 4.304000e+00 4.800000e+00 6.434000e+00 8.187000e+00
 1.000000e+01 1.284000e+01 1.384000e+01 1.455000e+01 1.568000e+01 1.733000e+01
 2.000000e+01
 1.697178e-09 5.688450e-08 1.923273e-07 2.991972e-07 4.694418e-07
 1.042755e-06 1.375360e-06 1.921060e-06 2.474094e-06 4.788200e-06 9.847650e-06
 1.493385e-05 2.580836e-05 9.651900e-05 1.245262e-04 1.585420e-04 1.754740e-04
 1.768644e-04 1.710639e-04 1.514528e-04 1.437039e-04 1.200580e-04 1.004550e-04
 6.667080e-05 4.703272e-05 3.396648e-05 2.850462e-05 2.394950e-05 2.179738e-05
 2.191764e-05 2.000115e-05 2.018870e-05 1.842510e-05 1.773760e-05 2.096964e-05
 1.958280e-05 1.756997e-05 1.900560e-05 1.756672e-05 1.797437e-05 1.798468e-05
 1.771995e-05 1.817136e-05 1.874148e-05 1.854018e-05 1.936314e-05 1.716221e-05
 1.628227e-05 1.776120e-05 1.987468e-05 1.779931e-05 1.644704e-05 1.485713e-05
 1.586834e-05 1.553515e-05 1.936133e-05 2.003087e-05 1.619969e-05 1.553068e-05
 1.512419e-05 1.648920e-05 1.730471e-05 1.812805e-05 1.480211e-05 1.546671e-05
 1.728053e-05 1.548268e-05 1.803025e-05 1.894490e-05 1.796958e-05 1.669791e-05
 1.740948e-05 1.476726e-05 1.681923e-05 1.769495e-05 1.752194e-05 1.715778e-05
 1.738427e-05 1.890977e-05 1.741020e-05 1.746742e-05 1.558748e-05 1.567697e-05
 1.544189e-05 1.643345e-05 1.687867e-05 1.873387e-05 1.505275e-05 1.646817e-05
 1.750750e-05 1.688142e-05 1.549814e-05 1.819942e-05 1.754949e-05 1.732793e-05
 1.659617e-05 1.536677e-05 1.575234e-05 1.670360e-05 1.499160e-05 1.553250e-05
 1.611984e-05 1.728375e-05 1.409089e-05 1.314146e-05 1.672207e-05 1.714495e-05
 1.639044e-05 1.660178e-05 1.864688e-05 1.597781e-05 1.661587e-05 1.669160e-05
 1.596801e-05 1.640272e-05 1.616483e-05 1.704573e-05 1.834717e-05 1.508014e-05
 1.833398e-05 1.541664e-05 1.704070e-05 1.646843e-05 1.538568e-05 1.664145e-05
 1.656766e-05 1.668232e-05 1.517056e-05 1.658056e-05 1.525584e-05 1.720109e-05
 1.589383e-05 1.968396e-05 1.600334e-05 1.862905e-05 1.569646e-05 1.710778e-05
 1.546348e-05 1.352089e-05 1.702599e-05 1.744270e-05 1.694996e-05 1.634410e-05
 1.715890e-05 1.603539e-05 1.590108e-05 1.664263e-05 1.519434e-05 1.461928e-05
 1.429491e-05 1.793920e-05 1.595633e-05 1.592414e-05 1.562186e-05 1.597348e-05
 1.606209e-05 1.728903e-05 1.618694e-05 1.484644e-05 1.714040e-05 1.502915e-05
 1.856030e-05 1.521248e-05 1.467843e-05 1.694128e-05 1.650146e-05 1.664932e-05
 1.642587e-05 1.323909e-05 1.862714e-05 1.567006e-05 1.698216e-05 1.779254e-05
 1.457382e-05 1.483531e-05 1.566936e-05 1.746284e-05 1.781856e-05 2.011581e-05
 1.734591e-05 1.600584e-05 1.810696e-05 1.756625e-05 1.836219e-05 1.554405e-05
 1.744070e-05 1.697377e-05 1.400769e-05 1.648330e-05 1.663440e-05 1.725474e-05
 1.483743e-05 1.917151e-05 1.744933e-05 1.731126e-05 1.883251e-05 1.850862e-05
 1.765840e-05 2.260941e-05 1.911519e-05 1.769580e-05 1.922531e-05 2.000445e-05
 2.532151e-05 3.031447e-05 2.855791e-05 1.651261e-05 1.423080e-05 2.786191e-05
 3.247243e-05 3.010686e-05 3.450561e-05 4.013664e-05 4.463943e-05 3.831198e-05
 3.104178e-05 3.781667e-05 4.685584e-05 4.995641e-05 4.702063e-05 4.978822e-05
 5.513928e-05 5.093202e-05 6.594824e-05 5.772367e-05 5.312945e-05 5.074175e-05
 4.847832e-05 5.336368e-05 5.241687e-05 5.534589e-05 5.795532e-05 6.184150e-05
 5.705047e-05 5.923947e-05 6.195318e-05 6.277980e-05 6.578706e-05 6.616421e-05
 7.008272e-05 5.357453e-05 3.949250e-05 2.414806e-05 1.674376e-05 6.391745e-06
 2.157788e-06 5.050551e-07 1.182548e-07 3.352812e-08 5.228739e-08 6.135986e-09
 0.000000e+00
212  103  137  28  15  10  30  50  100  40