313-23: JP15 (Sample 'B', FT-5 +22.0 cm, 763.58 EFPD @ 85 MW)
  725    4    1    0   2     <-- KG    KA    IPNT  IACT  KQT  (5I5)
0.005  9.0  0.03  0.001       <-- ACVX  FCHN  FCVX  FS         (free format)
0.0   0   0  65973312.0   1.0  <-- AK1   NORML ILOG  TIME  ACNM (free fmt: R,I,I,R,R)
MN552    6.800E-14 0.050            MN2N 00.00 IWX
FE54P    2.910E-11 0.050                       IWX
CO59G    2.820E-08 0.050            CONG 00.00 IWX
NB93G    1.120E-09 0.050            NBNG 00.00 IWX
Estimated flux uncertainties
  91
 1.000e-11 1.000e-10 5.000e-10 1.500e-09 3.000e-09 4.000e-09 7.500e-09 2.530e-08
 3.000e-08 1.750e-07 1.010e-06 1.175e-06 1.590e-06 3.000e-06 3.100e-06 3.500e-06
 6.875e-06 8.100e-06 1.190e-05 1.290e-05 2.500e-05 3.125e-05 3.175e-05 3.325e-05
 3.375e-05 3.500e-05 3.550e-05 3.713e-05 3.763e-05 3.910e-05 3.960e-05 4.100e-05
 4.830e-05 7.200e-05 8.170e-05 9.000e-05 1.012e-04 1.175e-04 1.430e-04 1.800e-04
 1.885e-04 1.915e-04 1.930e-04 2.020e-04 2.074e-04 2.095e-04 2.200e-04 2.850e-04
 3.050e-04 5.500e-04 6.700e-04 6.830e-04 9.500e-04 1.550e-03 1.800e-03 2.250e-03
 2.500e-03 3.900e-03 5.700e-03 9.500e-03 3.000e-02 5.000e-02 5.200e-02 6.000e-02
 7.500e-02 8.200e-02 8.500e-02 1.000e-01 1.283e-01 4.200e-01 5.500e-01 5.730e-01
 6.700e-01 6.790e-01 7.500e-01 8.611e-01 8.750e-01 1.010e+00 1.250e+00 1.500e+00
 1.850e+00 2.479e+00 3.000e+00 4.800e+00 8.187e+00 1.000e+01 1.284e+01 1.384e+01
 1.455e+01 1.733e+01 2.000e+01
 0.000e+00 1.616e-01 3.000e-02 1.410e-02 9.100e-03 5.700e-03 2.900e-03 9.000e-04
 2.100e-03 1.270e-02 2.240e-02 1.440e-02 1.210e-02 2.120e-02 1.190e-02 1.110e-02
 1.600e-02 7.100e-03 1.170e-02 1.370e-02 7.300e-03 1.070e-02 1.710e-02 1.010e-02
 1.770e-02 1.120e-02 1.830e-02 3.490e-02 2.210e-02 1.280e-02 1.920e-02 1.320e-02
 1.230e-02 9.600e-03 1.490e-02 7.900e-03 1.360e-02 1.930e-02 5.500e-03 1.070e-02
 3.330e-02 1.760e-02 2.430e-02 1.020e-02 1.340e-02 2.180e-02 9.800e-03 5.300e-03
 8.300e-03 2.900e-03 5.000e-03 1.590e-02 5.000e-03 1.210e-02 5.700e-03 1.470e-02
 6.800e-03 1.080e-02 3.800e-03 5.400e-03 3.500e-03 6.300e-03 1.020e-02 5.200e-03
 1.010e-02 5.500e-03 1.010e-02 5.500e-03 4.200e-03 7.200e-03 3.800e-03 6.200e-03
 3.700e-03 9.900e-03 3.900e-03 5.300e-03 9.700e-03 4.100e-03 6.600e-03 4.200e-03
 2.500e-03 4.600e-03 2.800e-03 5.300e-03 7.200e-03 1.350e-02 2.440e-02 8.770e-02
 1.813e-01 2.529e-01 4.608e-01
MCNP-estimated MG flux
 252   0 1.0000e+00  300.0000    0.0000
1.000000e-11 1.000000e-10 5.000000e-10 7.500000e-10 1.000000e-09 1.200000e-09
 1.500000e-09 2.000000e-09 2.500000e-09 3.000000e-09 4.000000e-09 5.000000e-09
 7.500000e-09 1.000000e-08 2.530000e-08 3.000000e-08 4.000000e-08 5.000000e-08
 6.000000e-08 7.000000e-08 8.000000e-08 9.000000e-08 1.000000e-07 1.250000e-07
 1.500000e-07 1.750000e-07 2.000000e-07 2.250000e-07 2.500000e-07 2.750000e-07
 3.000000e-07 3.250000e-07 3.500000e-07 3.750000e-07 4.000000e-07 4.500000e-07
 5.000000e-07 5.500000e-07 6.000000e-07 6.250000e-07 6.500000e-07 7.000000e-07
 7.500000e-07 8.000000e-07 8.500000e-07 9.000000e-07 9.250000e-07 9.500000e-07
 9.750000e-07 1.000000e-06 1.010000e-06 1.020000e-06 1.030000e-06 1.040000e-06
 1.050000e-06 1.060000e-06 1.070000e-06 1.080000e-06 1.090000e-06 1.100000e-06
 1.110000e-06 1.120000e-06 1.130000e-06 1.140000e-06 1.150000e-06 1.175000e-06
 1.200000e-06 1.225000e-06 1.250000e-06 1.300000e-06 1.350000e-06 1.400000e-06
 1.450000e-06 1.500000e-06 1.590000e-06 1.680000e-06 1.770000e-06 1.860000e-06
 1.940000e-06 2.000000e-06 2.120000e-06 2.210000e-06 2.300000e-06 2.380000e-06
 2.470000e-06 2.570000e-06 2.670000e-06 2.770000e-06 2.870000e-06 2.970000e-06
 3.000000e-06 3.100000e-06 3.200000e-06 3.500000e-06 3.730000e-06 4.100000e-06
 4.700000e-06 5.000000e-06 5.400000e-06 6.000000e-06 6.250000e-06 6.500000e-06
 6.750000e-06 6.875000e-06 7.000000e-06 7.150000e-06 8.100000e-06 9.100000e-06
 1.000000e-05 1.150000e-05 1.190000e-05 1.290000e-05 1.440000e-05 1.600000e-05
 1.700000e-05 1.850000e-05 1.940000e-05 2.000000e-05 2.050000e-05 2.120000e-05
 2.175000e-05 2.250000e-05 2.500000e-05 2.750000e-05 3.000000e-05 3.125000e-05
 3.175000e-05 3.325000e-05 3.375000e-05 3.500000e-05 3.550000e-05 3.600000e-05
 3.700000e-05 3.713000e-05 3.727000e-05 3.763000e-05 3.800000e-05 3.910000e-05
 3.960000e-05 4.100000e-05 4.240000e-05 4.400000e-05 4.520000e-05 4.830000e-05
 5.060000e-05 5.340000e-05 5.800000e-05 6.100000e-05 6.300000e-05 6.500000e-05
 6.750000e-05 7.200000e-05 7.600000e-05 8.000000e-05 8.170000e-05 9.000000e-05
 9.700000e-05 1.012000e-04 1.050000e-04 1.080000e-04 1.130000e-04 1.160000e-04
 1.175000e-04 1.190000e-04 1.220000e-04 1.430000e-04 1.700000e-04 1.800000e-04
 1.877000e-04 1.885000e-04 1.915000e-04 1.930000e-04 2.020000e-04 2.074000e-04
 2.095000e-04 2.200000e-04 2.400000e-04 2.850000e-04 3.050000e-04 5.500000e-04
 6.700000e-04 6.830000e-04 9.500000e-04 1.150000e-03 1.500000e-03 1.550000e-03
 1.800000e-03 2.200000e-03 2.250000e-03 2.500000e-03 3.000000e-03 3.740000e-03
 3.900000e-03 5.700000e-03 8.030000e-03 9.500000e-03 1.300000e-02 1.700000e-02
 2.000000e-02 3.000000e-02 4.500000e-02 5.000000e-02 5.200000e-02 6.000000e-02
 7.300000e-02 7.500000e-02 8.200000e-02 8.500000e-02 1.000000e-01 1.283000e-01
 1.490000e-01 2.000000e-01 2.700000e-01 3.300000e-01 4.000000e-01 4.200000e-01
 4.400000e-01 4.700000e-01 4.920000e-01 5.500000e-01 5.730000e-01 6.000000e-01
 6.700000e-01 6.790000e-01 7.500000e-01 8.200000e-01 8.611000e-01 8.750000e-01
 9.000000e-01 9.200000e-01 1.010000e+00 1.100000e+00 1.200000e+00 1.250000e+00
 1.317000e+00 1.356000e+00 1.400000e+00 1.500000e+00 1.850000e+00 2.354000e+00
 2.479000e+00 3.000000e+00 4.304000e+00 4.800000e+00 6.434000e+00 8.187000e+00
 1.000000e+01 1.284000e+01 1.384000e+01 1.455000e+01 1.568000e+01 1.733000e+01
 2.000000e+01
 2.396133e-10 9.375075e-09 2.968365e-08 5.587200e-08 8.973480e-08
 1.818945e-07 2.554604e-07 3.611300e-07 5.026398e-07 8.750240e-07 1.738005e-06
 2.703945e-06 4.636880e-06 1.748478e-05 2.251366e-05 2.896032e-05 3.187440e-05
 3.172536e-05 3.080420e-05 2.705440e-05 2.608218e-05 2.154470e-05 1.787525e-05
 1.162056e-05 7.980840e-06 5.871904e-06 4.510350e-06 3.886480e-06 3.516601e-06
 3.261324e-06 3.200379e-06 3.136560e-06 3.064770e-06 3.008256e-06 3.052539e-06
 3.068690e-06 2.992759e-06 2.952360e-06 2.862100e-06 2.928172e-06 2.890692e-06
 2.823990e-06 2.852256e-06 2.750124e-06 2.777292e-06 2.692568e-06 2.725489e-06
 2.693972e-06 2.686616e-06 2.598104e-06 2.620217e-06 2.610308e-06 2.610182e-06
 2.603024e-06 2.582658e-06 2.622891e-06 2.581556e-06 2.634530e-06 2.684891e-06
 2.690773e-06 2.597874e-06 2.696101e-06 2.571053e-06 2.608810e-06 2.656332e-06
 2.664941e-06 2.656119e-06 2.736940e-06 2.637856e-06 2.637595e-06 2.648500e-06
 2.585417e-06 2.665629e-06 2.656925e-06 2.620893e-06 2.623081e-06 2.639712e-06
 2.606123e-06 2.551007e-06 2.606982e-06 2.601980e-06 2.543378e-06 2.613606e-06
 2.536964e-06 2.609038e-06 2.641410e-06 2.609875e-06 2.531168e-06 2.541016e-06
 2.503490e-06 2.555559e-06 2.547478e-06 2.635920e-06 2.578306e-06 2.609595e-06
 2.625678e-06 2.528083e-06 2.531318e-06 2.547480e-06 2.450657e-06 2.439905e-06
 2.444950e-06 2.490867e-06 2.460130e-06 2.406385e-06 2.563411e-06 2.563152e-06
 2.520389e-06 2.585744e-06 2.515627e-06 2.512378e-06 2.549587e-06 2.580530e-06
 2.486896e-06 2.536621e-06 2.481001e-06 2.467357e-06 2.472415e-06 2.458619e-06
 2.409999e-06 2.440755e-06 2.559360e-06 2.512015e-06 2.525280e-06 2.458100e-06
 2.416550e-06 2.449949e-06 2.472701e-06 2.462398e-06 2.498021e-06 2.441225e-06
 2.457777e-06 2.527896e-06 2.379815e-06 2.384665e-06 2.392973e-06 2.436442e-06
 2.417841e-06 2.473454e-06 2.422984e-06 2.459564e-06 2.436702e-06 2.516492e-06
 2.488596e-06 2.456610e-06 2.498627e-06 2.436462e-06 2.423805e-06 2.398685e-06
 2.446821e-06 2.489664e-06 2.497854e-06 2.473820e-06 2.426043e-06 2.532546e-06
 2.495533e-06 2.434944e-06 2.455273e-06 2.429312e-06 2.467423e-06 2.404502e-06
 2.367367e-06 2.490892e-06 2.385999e-06 2.594687e-06 2.614543e-06 2.484612e-06
 2.403001e-06 2.434148e-06 2.345958e-06 2.336136e-06 2.475667e-06 2.413618e-06
 2.378114e-06 2.478792e-06 2.506704e-06 2.601816e-06 2.476646e-06 3.131476e-06
 2.590460e-06 2.387947e-06 2.780330e-06 2.586045e-06 2.679201e-06 2.372672e-06
 2.528028e-06 2.586435e-06 2.406465e-06 2.454590e-06 2.562168e-06 2.592765e-06
 2.411497e-06 2.890901e-06 2.706754e-06 2.570674e-06 2.822508e-06 2.772764e-06
 2.689973e-06 3.390090e-06 2.937432e-06 2.866280e-06 2.867644e-06 3.088500e-06
 3.782804e-06 4.251937e-06 4.284851e-06 2.858238e-06 2.439847e-06 4.105777e-06
 4.643639e-06 4.416941e-06 5.329877e-06 5.772470e-06 6.432571e-06 5.572875e-06
 4.548808e-06 5.486247e-06 6.669530e-06 7.212984e-06 7.093840e-06 7.361911e-06
 8.085302e-06 8.448193e-06 9.599789e-06 8.731149e-06 8.049797e-06 7.455818e-06
 7.524072e-06 8.198212e-06 7.493482e-06 8.224651e-06 8.514708e-06 9.144325e-06
 8.566712e-06 8.708162e-06 9.275064e-06 9.416835e-06 9.894857e-06 9.594745e-06
 1.059529e-05 8.310345e-06 6.018867e-06 3.683468e-06 2.547683e-06 9.643240e-07
 3.233050e-07 8.155163e-08 2.029594e-08 1.131215e-08 4.469383e-09 2.309154e-09
 2.474322e-10
212  103  137  28  15  10  30  50  100  40