313-3: JP5 (Sample 'E')
  725    4    1    0    2     <-- KG    KA    IPNT  IACT  KQT  (5I5)
0.005  9.0  0.03  0.001       <-- ACVX  FCHN  FCVX  FS         (free format)
0.0   0   0  60480000.0  1.0  <-- AK1   NORML ILOG  TIME  ACNM (free fmt: R,I,I,R,R)
MN552    5.880E-11 0.030            MN2N 00.00 IWX
FE54P    1.850E-14 0.030                       IWX
FE58G    1.960E-09 0.030            FENG 00.00 IWX
CO59G    5.560E-08 0.030            CONG 00.00 IWX
Estimated flux uncertainties
  48
1.000e-11 1.000e-10 5.000e-10 1.500e-09 4.000e-09 1.000e-08 2.530e-08 1.010e-06 
1.300e-06 3.000e-06 3.500e-06 8.100e-06 1.190e-05 2.500e-05 3.175e-05 3.713e-05 
3.910e-05 4.830e-05 9.000e-05 1.430e-04 1.800e-04 1.885e-04 1.915e-04 2.020e-04 
2.095e-04 2.200e-04 5.500e-04 6.700e-04 6.830e-04 9.500e-04 1.550e-03 1.800e-03 
2.250e-03 2.500e-03 5.700e-03 5.200e-02 7.300e-02 7.500e-02 1.283e-01 7.500e-01 
8.750e-01 1.010e+00 1.850e+00 2.479e+00 1.000e+01 1.284e+01 1.384e+01 2.000e+01 
1.000e+00 2.461e-01 4.960e-02 2.390e-02 9.800e-03 4.400e-03 1.950e-02 3.380e-02 
1.780e-02 3.090e-02 2.330e-02 1.070e-02 2.050e-02 1.580e-02 2.700e-02 5.330e-02 
2.760e-02 2.190e-02 2.820e-02 8.400e-03 1.550e-02 5.150e-02 3.590e-02 1.970e-02 
3.130e-02 1.440e-02 4.500e-03 7.500e-03 2.280e-02 7.700e-03 1.750e-02 8.500e-03 
2.060e-02 1.510e-02 9.200e-03 1.460e-02 6.300e-03 1.470e-02 1.440e-02 7.900e-03 
1.410e-02 9.900e-03 3.700e-03 1.090e-02 2.040e-02 3.760e-02 3.104e-01 7.896e-01 
MCNP-estimated MG flux
 252   0 1.0000e+00  300.0000    0.0000
1.000000e-11 1.000000e-10 5.000000e-10 7.500000e-10 1.000000e-09 1.200000e-09
 1.500000e-09 2.000000e-09 2.500000e-09 3.000000e-09 4.000000e-09 5.000000e-09
 7.500000e-09 1.000000e-08 2.530000e-08 3.000000e-08 4.000000e-08 5.000000e-08
 6.000000e-08 7.000000e-08 8.000000e-08 9.000000e-08 1.000000e-07 1.250000e-07
 1.500000e-07 1.750000e-07 2.000000e-07 2.250000e-07 2.500000e-07 2.750000e-07
 3.000000e-07 3.250000e-07 3.500000e-07 3.750000e-07 4.000000e-07 4.500000e-07
 5.000000e-07 5.500000e-07 6.000000e-07 6.250000e-07 6.500000e-07 7.000000e-07
 7.500000e-07 8.000000e-07 8.500000e-07 9.000000e-07 9.250000e-07 9.500000e-07
 9.750000e-07 1.000000e-06 1.010000e-06 1.020000e-06 1.030000e-06 1.040000e-06
 1.050000e-06 1.060000e-06 1.070000e-06 1.080000e-06 1.090000e-06 1.100000e-06
 1.110000e-06 1.120000e-06 1.130000e-06 1.140000e-06 1.150000e-06 1.175000e-06
 1.200000e-06 1.225000e-06 1.250000e-06 1.300000e-06 1.350000e-06 1.400000e-06
 1.450000e-06 1.500000e-06 1.590000e-06 1.680000e-06 1.770000e-06 1.860000e-06
 1.940000e-06 2.000000e-06 2.120000e-06 2.210000e-06 2.300000e-06 2.380000e-06
 2.470000e-06 2.570000e-06 2.670000e-06 2.770000e-06 2.870000e-06 2.970000e-06
 3.000000e-06 3.100000e-06 3.200000e-06 3.500000e-06 3.730000e-06 4.100000e-06
 4.700000e-06 5.000000e-06 5.400000e-06 6.000000e-06 6.250000e-06 6.500000e-06
 6.750000e-06 6.875000e-06 7.000000e-06 7.150000e-06 8.100000e-06 9.100000e-06
 1.000000e-05 1.150000e-05 1.190000e-05 1.290000e-05 1.440000e-05 1.600000e-05
 1.700000e-05 1.850000e-05 1.940000e-05 2.000000e-05 2.050000e-05 2.120000e-05
 2.175000e-05 2.250000e-05 2.500000e-05 2.750000e-05 3.000000e-05 3.125000e-05
 3.175000e-05 3.325000e-05 3.375000e-05 3.500000e-05 3.550000e-05 3.600000e-05
 3.700000e-05 3.713000e-05 3.727000e-05 3.763000e-05 3.800000e-05 3.910000e-05
 3.960000e-05 4.100000e-05 4.240000e-05 4.400000e-05 4.520000e-05 4.830000e-05
 5.060000e-05 5.340000e-05 5.800000e-05 6.100000e-05 6.300000e-05 6.500000e-05
 6.750000e-05 7.200000e-05 7.600000e-05 8.000000e-05 8.170000e-05 9.000000e-05
 9.700000e-05 1.012000e-04 1.050000e-04 1.080000e-04 1.130000e-04 1.160000e-04
 1.175000e-04 1.190000e-04 1.220000e-04 1.430000e-04 1.700000e-04 1.800000e-04
 1.877000e-04 1.885000e-04 1.915000e-04 1.930000e-04 2.020000e-04 2.074000e-04
 2.095000e-04 2.200000e-04 2.400000e-04 2.850000e-04 3.050000e-04 5.500000e-04
 6.700000e-04 6.830000e-04 9.500000e-04 1.150000e-03 1.500000e-03 1.550000e-03
 1.800000e-03 2.200000e-03 2.250000e-03 2.500000e-03 3.000000e-03 3.740000e-03
 3.900000e-03 5.700000e-03 8.030000e-03 9.500000e-03 1.300000e-02 1.700000e-02
 2.000000e-02 3.000000e-02 4.500000e-02 5.000000e-02 5.200000e-02 6.000000e-02
 7.300000e-02 7.500000e-02 8.200000e-02 8.500000e-02 1.000000e-01 1.283000e-01
 1.490000e-01 2.000000e-01 2.700000e-01 3.300000e-01 4.000000e-01 4.200000e-01
 4.400000e-01 4.700000e-01 4.920000e-01 5.500000e-01 5.730000e-01 6.000000e-01
 6.700000e-01 6.790000e-01 7.500000e-01 8.200000e-01 8.611000e-01 8.750000e-01
 9.000000e-01 9.200000e-01 1.010000e+00 1.100000e+00 1.200000e+00 1.250000e+00
 1.317000e+00 1.356000e+00 1.400000e+00 1.500000e+00 1.850000e+00 2.354000e+00
 2.479000e+00 3.000000e+00 4.304000e+00 4.800000e+00 6.434000e+00 8.187000e+00
 1.000000e+01 1.284000e+01 1.384000e+01 1.455000e+01 1.568000e+01 1.733000e+01
 2.000000e+01
 1.496556e-09 5.282937e-08 1.678839e-07 3.626348e-07 5.515026e-07
 1.188560e-06 1.692264e-06 2.420270e-06 3.492084e-06 6.153920e-06 1.192175e-05
 1.932519e-05 3.361860e-05 1.283724e-04 1.680306e-04 2.172548e-04 2.429710e-04
 2.430750e-04 2.379398e-04 2.116048e-04 2.034324e-04 1.703560e-04 1.445335e-04
 9.739560e-05 6.976235e-05 5.377624e-05 4.303440e-05 3.814960e-05 3.561910e-05
 3.328788e-05 3.260738e-05 3.220770e-05 3.079725e-05 3.080432e-05 3.125538e-05
 3.103910e-05 3.054095e-05 3.024864e-05 2.935600e-05 2.985762e-05 3.001838e-05
 2.973885e-05 2.898784e-05 2.851019e-05 2.806470e-05 2.767837e-05 2.802720e-05
 2.713507e-05 2.666364e-05 2.660108e-05 2.770483e-05 2.803588e-05 2.696616e-05
 2.623110e-05 2.839263e-05 2.766314e-05 2.613060e-05 2.872423e-05 2.735777e-05
 2.700364e-05 2.675826e-05 2.662099e-05 2.659688e-05 2.733665e-05 2.837606e-05
 2.705347e-05 2.749321e-05 2.728425e-05 2.743338e-05 2.745009e-05 2.778098e-05
 2.783756e-05 2.803008e-05 2.740241e-05 2.743029e-05 2.727491e-05 2.773715e-05
 2.627027e-05 2.751033e-05 2.745365e-05 2.640238e-05 2.727774e-05 2.706560e-05
 2.775374e-05 2.643708e-05 2.670561e-05 2.717298e-05 2.746573e-05 2.636828e-05
 2.717080e-05 2.702183e-05 2.677459e-05 2.704847e-05 2.693368e-05 2.760541e-05
 2.750503e-05 2.615550e-05 2.629112e-05 2.664730e-05 2.648375e-05 2.596763e-05
 2.622083e-05 2.589427e-05 2.579735e-05 2.598076e-05 2.720457e-05 2.696985e-05
 2.664222e-05 2.777909e-05 2.610482e-05 2.652317e-05 2.731920e-05 2.704780e-05
 2.698308e-05 2.642725e-05 2.625574e-05 2.649140e-05 2.557252e-05 2.636323e-05
 2.680071e-05 2.608302e-05 2.757620e-05 2.741046e-05 2.757648e-05 2.630700e-05
 2.643486e-05 2.673588e-05 2.674512e-05 2.716571e-05 2.570278e-05 2.544955e-05
 2.664396e-05 2.497301e-05 2.772356e-05 2.650365e-05 2.525192e-05 2.704714e-05
 2.606021e-05 2.663287e-05 2.655582e-05 2.696447e-05 2.614251e-05 2.685433e-05
 2.724128e-05 2.646637e-05 2.711248e-05 2.581906e-05 2.630184e-05 2.609874e-05
 2.657710e-05 2.707920e-05 2.643755e-05 2.620960e-05 2.579288e-05 2.668619e-05
 2.733682e-05 2.648139e-05 2.573464e-05 2.615155e-05 2.665715e-05 2.607924e-05
 2.689951e-05 2.548425e-05 2.624659e-05 2.810549e-05 2.795266e-05 2.691738e-05
 2.621535e-05 2.530212e-05 2.610630e-05 2.641154e-05 2.700134e-05 2.730360e-05
 2.583275e-05 2.712705e-05 2.703084e-05 2.851615e-05 2.835021e-05 3.398394e-05
 2.873993e-05 2.658183e-05 3.033873e-05 2.851891e-05 2.936889e-05 2.635530e-05
 2.865809e-05 2.951212e-05 2.693057e-05 2.711550e-05 2.827566e-05 2.965891e-05
 2.767806e-05 3.195040e-05 3.030746e-05 2.792031e-05 3.102799e-05 3.114940e-05
 2.971787e-05 3.789150e-05 3.321180e-05 3.305040e-05 3.142490e-05 3.459540e-05
 4.187881e-05 4.434975e-05 4.783447e-05 3.206597e-05 2.935067e-05 4.631449e-05
 5.190044e-05 5.072000e-05 6.040286e-05 6.627940e-05 7.408171e-05 6.250293e-05
 5.242776e-05 6.238733e-05 7.580647e-05 8.103643e-05 8.038144e-05 8.485289e-05
 9.287205e-05 9.835843e-05 1.093257e-04 1.012896e-04 9.386870e-05 8.595899e-05
 8.883648e-05 9.692292e-05 8.686651e-05 9.520977e-05 9.911028e-05 1.065092e-04
 9.683410e-05 9.959611e-05 1.075665e-04 1.089826e-04 1.133421e-04 1.097744e-04
 1.186231e-04 9.627006e-05 6.881647e-05 4.280506e-05 2.883078e-05 1.128713e-05
 3.592774e-06 9.270344e-07 1.430793e-07 1.182228e-07 4.677774e-08 2.655355e-08
 1.145056e-09
212  103  137  28  15  10  30  50  100  40