---Check KQT,TNORM, and Flux Spectrum---
313-2 Part 2: JP2 (Sample 'B')
  725    4    1    0    0     <-- KG    KA    IPNT  IACT  KQT  (5I5)
0.005  9.0  0.03  0.001       <-- ACVX  FCHN  FCVX  FS         (free format)
0.0   0   0  61603200.0  1.0   <-- AK1   NORML ILOG  TIME  ACNM (free fmt: R,I,I,R,R)
MN552    1.510E-08 0.030                       IWX
FE54P    5.210E-09 0.030                       IWX
FE58G    1.790E-09 0.030            FENG 20.00 IWX
CO59G    5.360E-08 0.030            CONG 20.00 IWX
Flux Uncertainty
   4                        
0.99E-10  0.01  1.5  20.1
0.30  0.30  0.30  0.30
Input Flux Spectrum
 252   0 1.000E+00 300.000 0.0000000   <-- NGP, ITHERM, TNORM, TMPR, ETE  (2I4, 3F10.4)
 1.0000E-11 1.0000E-10 5.0000E-10 7.6000E-10 1.0000E-09 1.2000E-09 1.5000E-09
 2.0000E-09 2.5500E-09 3.0000E-09 4.0000E-09 5.0000E-09 7.6000E-09 1.0000E-08
 2.5500E-08 3.0000E-08 4.0000E-08 5.0000E-08 6.0000E-08 6.9000E-08 8.0000E-08
 9.2000E-08 1.0000E-07 1.2500E-07 1.5000E-07 1.7500E-07 2.0000E-07 2.2500E-07
 2.5000E-07 2.7500E-07 3.0000E-07 3.2500E-07 3.5000E-07 3.7500E-07 4.0000E-07
 4.5000E-07 5.0000E-07 5.5000E-07 6.0000E-07 6.2500E-07 6.5000E-07 7.0000E-07
 7.5000E-07 8.0000E-07 8.5000E-07 9.0000E-07 9.2533E-07 9.5000E-07 9.7533E-07
 1.0000E-06 1.0100E-06 1.0200E-06 1.0300E-06 1.0400E-06 1.0500E-06 1.0600E-06
 1.0700E-06 1.0800E-06 1.0900E-06 1.1000E-06 1.1100E-06 1.1200E-06 1.1300E-06
 1.1400E-06 1.1500E-06 1.1750E-06 1.2000E-06 1.2250E-06 1.2500E-06 1.3000E-06
 1.3500E-06 1.4000E-06 1.4500E-06 1.5000E-06 1.5900E-06 1.6800E-06 1.7700E-06
 1.8600E-06 1.9400E-06 2.0000E-06 2.1200E-06 2.2100E-06 2.3000E-06 2.3800E-06
 2.4700E-06 2.5700E-06 2.6700E-06 2.7700E-06 2.8700E-06 2.9700E-06 3.0000E-06
 3.1000E-06 3.2000E-06 3.5000E-06 3.7300E-06 4.1000E-06 4.7000E-06 5.0000E-06
 5.4000E-06 6.0000E-06 6.2500E-06 6.5000E-06 6.7500E-06 6.8750E-06 7.0000E-06
 7.1500E-06 8.1000E-06 9.1000E-06 1.0000E-05 1.1500E-05 1.1900E-05 1.2900E-05
 1.4400E-05 1.6000E-05 1.7000E-05 1.8500E-05 1.9400E-05 2.0000E-05 2.0500E-05
 2.1200E-05 2.1750E-05 2.2500E-05 2.5000E-05 2.7500E-05 3.0000E-05 3.1266E-05
 3.1766E-05 3.3266E-05 3.3766E-05 3.5000E-05 3.5500E-05 3.6000E-05 3.7000E-05
 3.7133E-05 3.7266E-05 3.7633E-05 3.8000E-05 3.9100E-05 3.9600E-05 4.1000E-05
 4.2416E-05 4.4000E-05 4.5208E-05 4.8333E-05 5.0583E-05 5.3417E-05 5.8000E-05
 6.1000E-05 6.3000E-05 6.4999E-05 6.7500E-05 7.2000E-05 7.6000E-05 8.0000E-05
 8.1733E-05 9.0000E-05 9.7000E-05 1.0125E-04 1.0500E-04 1.0800E-04 1.1300E-04
 1.1600E-04 1.1750E-04 1.1900E-04 1.2200E-04 1.4300E-04 1.7000E-04 1.8000E-04
 1.8767E-04 1.8850E-04 1.9150E-04 1.9300E-04 2.0200E-04 2.0750E-04 2.0950E-04
 2.2000E-04 2.4000E-04 2.8500E-04 3.0500E-04 5.5000E-04 6.7000E-04 6.8299E-04
 9.5000E-04 1.1500E-03 1.5000E-03 1.5500E-03 1.8000E-03 2.2000E-03 2.2500E-03
 2.5000E-03 3.0000E-03 3.7400E-03 3.9000E-03 5.6999E-03 8.0333E-03 9.4999E-03
 1.3500E-02 1.7000E-02 2.0000E-02 3.0000E-02 4.5000E-02 5.0000E-02 5.2500E-02
 6.0000E-02 7.2000E-02 7.6000E-02 8.0000E-02 8.4000E-02 1.0000E-01 1.2750E-01
 1.5000E-01 2.0000E-01 2.7000E-01 3.2000E-01 4.0000E-01 4.2500E-01 4.5000E-01
 4.7500E-01 5.0000E-01 5.5000E-01 5.7500E-01 6.0000E-01 6.6000E-01 6.9000E-01
 7.4000E-01 7.8000E-01 8.0000E-01 8.4000E-01 8.8000E-01 9.2000E-01 9.6000E-01
 1.0000E+00 1.1000E+00 1.2000E+00 1.3000E+00 1.4000E+00 1.5000E+00 1.6000E+00
 1.8000E+00 2.3000E+00 2.5000E+00 3.0000E+00 4.3000E+00 4.8000E+00 6.4000E+00
 8.2000E+00 1.0000E+01 1.2800E+01 1.3800E+01 1.4500E+01 1.5700E+01 1.7300E+01
 2.0000E+01
 3.503180e+00 1.119411e+01 1.347792e+02 2.379036e+02 3.874264e+02 5.131650e+02
 8.454133e+02 8.969280e+02 1.024332e+03 1.192206e+03 1.571860e+03 2.505160e+03
 2.652600e+03 3.478860e+03 5.252294e+03 5.812957e+03 5.634280e+03 5.012750e+03
 4.181380e+03 3.509540e+03 2.718330e+03 2.329190e+03 1.768280e+03 1.190004e+03
 6.705600e+02 4.094040e+02 2.738584e+02 2.001704e+02 1.569920e+02 1.323788e+02
 1.129004e+02 1.022988e+02 9.428080e+01 8.650600e+01 8.094720e+01 7.320600e+01
 6.484880e+01 5.621140e+01 5.106460e+01 4.794000e+01 4.651000e+01 4.362600e+01
 4.054980e+01 3.785960e+01 3.397360e+01 3.269940e+01 3.073216e+01 3.073204e+01
 3.008992e+01 2.895192e+01 2.707250e+01 2.787140e+01 2.869400e+01 2.729310e+01
 2.757600e+01 2.708080e+01 2.610990e+01 2.548080e+01 2.604160e+01 2.727160e+01
 2.532160e+01 2.569190e+01 2.528840e+01 2.443050e+01 2.478100e+01 2.428408e+01
 2.316184e+01 2.236776e+01 2.233940e+01 2.137180e+01 2.104140e+01 2.042000e+01
 1.934862e+01 1.890504e+01 1.772367e+01 1.659322e+01 1.598667e+01 1.516233e+01
 1.414762e+01 1.329953e+01 1.334917e+01 1.276378e+01 1.242944e+01 1.160261e+01
 1.160311e+01 1.077190e+01 1.049050e+01 1.022990e+01 9.704560e+00 9.328770e+00
 8.951900e+00 9.037000e+00 8.706570e+00 8.099600e+00 7.538261e+00 6.890703e+00
 6.102017e+00 5.429567e+00 4.980275e+00 4.581783e+00 4.274080e+00 4.159240e+00
 3.980644e+00 3.742832e+00 3.845496e+00 3.710913e+00 3.455095e+00 3.066420e+00
 2.792211e+00 2.456300e+00 2.267125e+00 2.173770e+00 1.942500e+00 1.788775e+00
 1.630590e+00 1.502727e+00 1.402089e+00 1.307430e+00 1.276646e+00 1.269449e+00
 1.259944e+00 1.260257e+00 1.149436e+00 1.021648e+00 9.241040e-01 8.863120e-01
 8.062120e-01 8.286600e-01 7.823340e-01 7.783616e-01 7.729000e-01 7.760300e-01
 7.382900e-01 7.702692e-01 7.668071e-01 7.264778e-01 6.916892e-01 7.047918e-01
 6.716900e-01 6.580043e-01 6.499607e-01 6.187894e-01 6.269742e-01 5.767581e-01
 5.340913e-01 5.153107e-01 4.928283e-01 4.493933e-01 4.379245e-01 4.150455e-01
 4.163040e-01 3.853800e-01 3.567700e-01 3.380050e-01 3.214994e-01 3.089518e-01
 2.905014e-01 2.738405e-01 2.564600e-01 2.450897e-01 2.396880e-01 2.416583e-01
 2.298000e-01 2.419740e-01 2.284793e-01 2.019014e-01 1.712737e-01 1.534180e-01
 1.448039e-01 1.445975e-01 1.359803e-01 1.383353e-01 1.334467e-01 1.284717e-01
 1.167405e-01 1.191990e-01 1.149900e-01 1.031271e-01 9.744350e-02 6.331796e-02
 4.349758e-02 3.945877e-02 3.299543e-02 2.540885e-02 2.027306e-02 1.742226e-02
 1.590664e-02 1.381860e-02 1.301106e-02 1.123048e-02 9.772400e-03 8.072311e-03
 7.298063e-03 5.756722e-03 3.904348e-03 3.055204e-03 2.472346e-03 1.881452e-03
 1.545363e-03 1.305230e-03 7.586000e-04 6.837880e-04 6.220950e-04 5.911150e-04
 5.946000e-04 5.957550e-04 6.015814e-04 3.927967e-04 3.026120e-04 3.748198e-04
 3.585676e-04 2.629078e-04 2.319743e-04 2.060867e-04 1.890929e-04 1.505065e-04
 1.227620e-04 1.370527e-04 1.595891e-04 1.542426e-04 1.454417e-04 1.467611e-04
 1.433043e-04 1.422700e-04 1.516831e-04 1.275740e-04 1.118766e-04 1.005000e-04
 1.010276e-04 1.042775e-04 8.978667e-05 9.012033e-05 8.515270e-05 8.795860e-05
 7.710313e-05 7.598205e-05 7.834841e-05 7.402410e-05 6.281029e-05 4.779107e-05
 4.964424e-05 3.286641e-05 1.666373e-05 9.038871e-06 4.652852e-06 1.373063e-06
 3.661274e-07 7.567711e-08 1.502180e-08 6.479282e-09 3.401646e-09 1.067618e-09
 1.717337e-10
212  103  137  28  15  10  30  50  100  40