---Check KQT,TNORM, and Flux Spectrum---
313-2 Part 2: JP2 (Sample 'E')
  725    4    1    0    2     <-- KG    KA    IPNT  IACT  KQT  (5I5)
0.005  9.0  0.03  0.001       <-- ACVX  FCHN  FCVX  FS         (free format)
0.0   0   0  61603200.0  1.0   <-- AK1   NORML ILOG  TIME  ACNM (free fmt: R,I,I,R,R)
MN552    1.720E-08 0.030                       IWX
FE54P    5.930E-09 0.030                       IWX
FE58G    2.020E-09 0.030            FENG 20.00 IWX
CO59G    5.480E-08 0.030            CONG 20.00 IWX
Flux Uncertainty
   4                        
0.99E-10  0.01  1.5  20.1
0.30  0.30  0.30  0.30
Input Flux Spectrum
 252   0 1.000E+00 300.000 0.0000000   <-- NGP, ITHERM, TNORM, TMPR, ETE  (2I4, 3F10.4)
 1.0000E-11 1.0000E-10 5.0000E-10 7.6000E-10 1.0000E-09 1.2000E-09 1.5000E-09
 2.0000E-09 2.5500E-09 3.0000E-09 4.0000E-09 5.0000E-09 7.6000E-09 1.0000E-08
 2.5500E-08 3.0000E-08 4.0000E-08 5.0000E-08 6.0000E-08 6.9000E-08 8.0000E-08
 9.2000E-08 1.0000E-07 1.2500E-07 1.5000E-07 1.7500E-07 2.0000E-07 2.2500E-07
 2.5000E-07 2.7500E-07 3.0000E-07 3.2500E-07 3.5000E-07 3.7500E-07 4.0000E-07
 4.5000E-07 5.0000E-07 5.5000E-07 6.0000E-07 6.2500E-07 6.5000E-07 7.0000E-07
 7.5000E-07 8.0000E-07 8.5000E-07 9.0000E-07 9.2533E-07 9.5000E-07 9.7533E-07
 1.0000E-06 1.0100E-06 1.0200E-06 1.0300E-06 1.0400E-06 1.0500E-06 1.0600E-06
 1.0700E-06 1.0800E-06 1.0900E-06 1.1000E-06 1.1100E-06 1.1200E-06 1.1300E-06
 1.1400E-06 1.1500E-06 1.1750E-06 1.2000E-06 1.2250E-06 1.2500E-06 1.3000E-06
 1.3500E-06 1.4000E-06 1.4500E-06 1.5000E-06 1.5900E-06 1.6800E-06 1.7700E-06
 1.8600E-06 1.9400E-06 2.0000E-06 2.1200E-06 2.2100E-06 2.3000E-06 2.3800E-06
 2.4700E-06 2.5700E-06 2.6700E-06 2.7700E-06 2.8700E-06 2.9700E-06 3.0000E-06
 3.1000E-06 3.2000E-06 3.5000E-06 3.7300E-06 4.1000E-06 4.7000E-06 5.0000E-06
 5.4000E-06 6.0000E-06 6.2500E-06 6.5000E-06 6.7500E-06 6.8750E-06 7.0000E-06
 7.1500E-06 8.1000E-06 9.1000E-06 1.0000E-05 1.1500E-05 1.1900E-05 1.2900E-05
 1.4400E-05 1.6000E-05 1.7000E-05 1.8500E-05 1.9400E-05 2.0000E-05 2.0500E-05
 2.1200E-05 2.1750E-05 2.2500E-05 2.5000E-05 2.7500E-05 3.0000E-05 3.1266E-05
 3.1766E-05 3.3266E-05 3.3766E-05 3.5000E-05 3.5500E-05 3.6000E-05 3.7000E-05
 3.7133E-05 3.7266E-05 3.7633E-05 3.8000E-05 3.9100E-05 3.9600E-05 4.1000E-05
 4.2416E-05 4.4000E-05 4.5208E-05 4.8333E-05 5.0583E-05 5.3417E-05 5.8000E-05
 6.1000E-05 6.3000E-05 6.4999E-05 6.7500E-05 7.2000E-05 7.6000E-05 8.0000E-05
 8.1733E-05 9.0000E-05 9.7000E-05 1.0125E-04 1.0500E-04 1.0800E-04 1.1300E-04
 1.1600E-04 1.1750E-04 1.1900E-04 1.2200E-04 1.4300E-04 1.7000E-04 1.8000E-04
 1.8767E-04 1.8850E-04 1.9150E-04 1.9300E-04 2.0200E-04 2.0750E-04 2.0950E-04
 2.2000E-04 2.4000E-04 2.8500E-04 3.0500E-04 5.5000E-04 6.7000E-04 6.8299E-04
 9.5000E-04 1.1500E-03 1.5000E-03 1.5500E-03 1.8000E-03 2.2000E-03 2.2500E-03
 2.5000E-03 3.0000E-03 3.7400E-03 3.9000E-03 5.6999E-03 8.0333E-03 9.4999E-03
 1.3500E-02 1.7000E-02 2.0000E-02 3.0000E-02 4.5000E-02 5.0000E-02 5.2500E-02
 6.0000E-02 7.2000E-02 7.6000E-02 8.0000E-02 8.4000E-02 1.0000E-01 1.2750E-01
 1.5000E-01 2.0000E-01 2.7000E-01 3.2000E-01 4.0000E-01 4.2500E-01 4.5000E-01
 4.7500E-01 5.0000E-01 5.5000E-01 5.7500E-01 6.0000E-01 6.6000E-01 6.9000E-01
 7.4000E-01 7.8000E-01 8.0000E-01 8.4000E-01 8.8000E-01 9.2000E-01 9.6000E-01
 1.0000E+00 1.1000E+00 1.2000E+00 1.3000E+00 1.4000E+00 1.5000E+00 1.6000E+00
 1.8000E+00 2.3000E+00 2.5000E+00 3.0000E+00 4.3000E+00 4.8000E+00 6.4000E+00
 8.2000E+00 1.0000E+01 1.2800E+01 1.3800E+01 1.4500E+01 1.5700E+01 1.7300E+01
 2.0000E+01
 1.637260e+00 1.496556e+01 1.056587e+02 2.238452e+02 3.626348e+02 4.595855e+02
 7.923733e+02 8.461320e+02 9.681080e+02 1.164028e+03 1.538480e+03 2.384350e+03
 2.576692e+03 3.361860e+03 5.074007e+03 5.601021e+03 5.431370e+03 4.859420e+03
 4.051250e+03 3.399140e+03 2.645060e+03 2.260360e+03 1.703560e+03 1.156268e+03
 6.493040e+02 3.986420e+02 2.688812e+02 1.912640e+02 1.525984e+02 1.295240e+02
 1.109596e+02 1.003304e+02 9.202200e+01 8.212600e+01 7.701080e+01 6.945640e+01
 6.207820e+01 5.552900e+01 5.041440e+01 4.696960e+01 4.593480e+01 4.288340e+01
 3.965180e+01 3.623480e+01 3.354140e+01 3.118300e+01 2.992256e+01 2.950232e+01
 2.783084e+01 2.666364e+01 2.633770e+01 2.716160e+01 2.721930e+01 2.592900e+01
 2.498200e+01 2.678550e+01 2.585340e+01 2.419500e+01 2.635250e+01 2.487070e+01
 2.432760e+01 2.389130e+01 2.355840e+01 2.333060e+01 2.377100e+01 2.414984e+01
 2.254456e+01 2.244344e+01 2.182740e+01 2.110260e+01 2.033340e+01 1.984356e+01
 1.919832e+01 1.868672e+01 1.723422e+01 1.632756e+01 1.540956e+01 1.491244e+01
 1.354137e+01 1.375517e+01 1.294983e+01 1.194678e+01 1.185989e+01 1.137210e+01
 1.123633e+01 1.028680e+01 1.000210e+01 9.809740e+00 9.569940e+00 8.878210e+00
 9.056933e+00 8.716720e+00 8.367060e+00 7.728133e+00 7.220826e+00 6.733027e+00
 5.852133e+00 5.231100e+00 4.868725e+00 4.441217e+00 4.237400e+00 3.995020e+00
 3.884568e+00 3.766440e+00 3.685336e+00 3.633673e+00 3.358589e+00 2.963720e+00
 2.664222e+00 2.415573e+00 2.193683e+00 2.056060e+00 1.897167e+00 1.690487e+00
 1.587240e+00 1.428500e+00 1.353389e+00 1.324570e+00 1.247440e+00 1.243549e+00
 1.232216e+00 1.159245e+00 1.103048e+00 9.967440e-01 9.192160e-01 8.418240e-01
 8.325940e-01 8.040867e-01 7.924480e-01 7.761632e-01 7.240220e-01 7.069320e-01
 7.201070e-01 6.725831e-01 7.438571e-01 7.043222e-01 6.645243e-01 6.917427e-01
 6.580860e-01 6.495821e-01 6.263164e-01 6.128288e-01 5.783742e-01 5.559903e-01
 5.383652e-01 4.956250e-01 4.674565e-01 4.232633e-01 4.174895e-01 4.015190e-01
 3.937348e-01 3.761000e-01 3.478625e-01 3.276200e-01 3.157024e-01 2.965133e-01
 2.818229e-01 2.616738e-01 2.450918e-01 2.421440e-01 2.359040e-01 2.248210e-01
 2.289320e-01 2.141533e-01 2.151360e-01 1.965419e-01 1.644274e-01 1.495410e-01
 1.396662e-01 1.342288e-01 1.363253e-01 1.368473e-01 1.336700e-01 1.316470e-01
 1.233067e-01 1.233048e-01 1.126285e-01 1.000567e-01 9.295150e-02 6.178898e-02
 4.289542e-02 3.891923e-02 3.193551e-02 2.479905e-02 1.957926e-02 1.700342e-02
 1.592116e-02 1.341460e-02 1.196914e-02 1.084620e-02 9.425220e-03 7.930189e-03
 7.096938e-03 5.605333e-03 3.774279e-03 2.938980e-03 2.386769e-03 1.832317e-03
 1.485893e-03 1.263050e-03 7.380400e-04 6.610080e-04 6.043250e-04 5.765900e-04
 5.736823e-04 5.913300e-04 5.833471e-04 3.772467e-04 2.935067e-04 3.609859e-04
 3.483251e-04 2.536000e-04 2.237143e-04 2.008467e-04 1.852043e-04 1.488165e-04
 1.191540e-04 1.327390e-04 1.540782e-04 1.473390e-04 1.402817e-04 1.414215e-04
 1.386150e-04 1.448578e-04 1.457676e-04 1.235239e-04 1.090102e-04 9.823885e-05
 9.870720e-05 1.053510e-04 8.600644e-05 8.655433e-05 8.259190e-05 8.520740e-05
 7.352627e-05 7.344846e-05 7.683318e-05 7.265510e-05 6.126600e-05 4.663313e-05
 4.785120e-05 3.209002e-05 1.598896e-05 8.917722e-06 4.481004e-06 1.378665e-06
 3.592774e-07 7.219894e-08 1.033810e-08 8.125282e-09 2.983274e-09 1.532230e-09
 5.725281e-11
212  103  137  28  15  10  30  50  100  40