313-23: JP15 (Sample 'A')
  725    5    1    0   2     <-- KG    KA    IPNT  IACT  KQT  (5I5)
0.005  9.0  0.03  0.001       <-- ACVX  FCHN  FCVX  FS         (free format)
0.0   0   0  65973007.1  1.0  <-- AK1   NORML ILOG  TIME  ACNM (free fmt: R,I,I,R,R)
TI46P    6.630E-12 0.050                       IWX
MN552    1.120E-13 0.050            MN2N 00.00 IWX
FE54P    4.790E-11 0.050                       IWX
CO59G    4.250E-08 0.050            CONG 00.00 IWX
NB93G    1.880E-09 0.050            NBNG 00.00 IWX
Estimated flux uncertainties
  49
1.000e-11 1.000e-10 5.000e-10 1.500e-09 4.000e-09 1.000e-08 2.530e-08 1.010e-06 
1.300e-06 3.000e-06 3.500e-06 8.100e-06 1.190e-05 2.500e-05 3.175e-05 3.713e-05 
3.910e-05 4.830e-05 9.000e-05 1.430e-04 1.800e-04 1.885e-04 2.020e-04 2.095e-04 
2.200e-04 5.500e-04 6.700e-04 6.830e-04 9.500e-04 1.550e-03 1.800e-03 2.250e-03 
3.000e-03 3.900e-03 5.700e-03 5.200e-02 7.300e-02 7.500e-02 1.283e-01 7.500e-01 
8.750e-01 1.010e+00 1.850e+00 2.479e+00 1.000e+01 1.284e+01 1.384e+01 1.455e+01 
1.733e+01 
1.000e+00 2.404e-01 4.850e-02 2.330e-02 9.700e-03 4.400e-03 1.890e-02 3.180e-02 
1.780e-02 3.070e-02 2.320e-02 1.060e-02 2.010e-02 1.540e-02 2.600e-02 5.080e-02 
2.740e-02 2.190e-02 2.760e-02 8.200e-03 1.540e-02 4.680e-02 1.950e-02 3.180e-02 
1.450e-02 4.400e-03 7.500e-03 2.290e-02 7.600e-03 1.750e-02 8.500e-03 1.970e-02 
7.700e-03 1.510e-02 9.200e-03 1.450e-02 6.200e-03 1.460e-02 1.460e-02 7.800e-03 
1.370e-02 9.700e-03 3.700e-03 1.090e-02 2.020e-02 3.640e-02 1.392e-01 2.508e-01 
5.052e-01 
MCNP-estimated MG flux
 252   0 1.0000e+00  300.0000    0.0000
1.000000e-11 1.000000e-10 5.000000e-10 7.500000e-10 1.000000e-09 1.200000e-09
 1.500000e-09 2.000000e-09 2.500000e-09 3.000000e-09 4.000000e-09 5.000000e-09
 7.500000e-09 1.000000e-08 2.530000e-08 3.000000e-08 4.000000e-08 5.000000e-08
 6.000000e-08 7.000000e-08 8.000000e-08 9.000000e-08 1.000000e-07 1.250000e-07
 1.500000e-07 1.750000e-07 2.000000e-07 2.250000e-07 2.500000e-07 2.750000e-07
 3.000000e-07 3.250000e-07 3.500000e-07 3.750000e-07 4.000000e-07 4.500000e-07
 5.000000e-07 5.500000e-07 6.000000e-07 6.250000e-07 6.500000e-07 7.000000e-07
 7.500000e-07 8.000000e-07 8.500000e-07 9.000000e-07 9.250000e-07 9.500000e-07
 9.750000e-07 1.000000e-06 1.010000e-06 1.020000e-06 1.030000e-06 1.040000e-06
 1.050000e-06 1.060000e-06 1.070000e-06 1.080000e-06 1.090000e-06 1.100000e-06
 1.110000e-06 1.120000e-06 1.130000e-06 1.140000e-06 1.150000e-06 1.175000e-06
 1.200000e-06 1.225000e-06 1.250000e-06 1.300000e-06 1.350000e-06 1.400000e-06
 1.450000e-06 1.500000e-06 1.590000e-06 1.680000e-06 1.770000e-06 1.860000e-06
 1.940000e-06 2.000000e-06 2.120000e-06 2.210000e-06 2.300000e-06 2.380000e-06
 2.470000e-06 2.570000e-06 2.670000e-06 2.770000e-06 2.870000e-06 2.970000e-06
 3.000000e-06 3.100000e-06 3.200000e-06 3.500000e-06 3.730000e-06 4.100000e-06
 4.700000e-06 5.000000e-06 5.400000e-06 6.000000e-06 6.250000e-06 6.500000e-06
 6.750000e-06 6.875000e-06 7.000000e-06 7.150000e-06 8.100000e-06 9.100000e-06
 1.000000e-05 1.150000e-05 1.190000e-05 1.290000e-05 1.440000e-05 1.600000e-05
 1.700000e-05 1.850000e-05 1.940000e-05 2.000000e-05 2.050000e-05 2.120000e-05
 2.175000e-05 2.250000e-05 2.500000e-05 2.750000e-05 3.000000e-05 3.125000e-05
 3.175000e-05 3.325000e-05 3.375000e-05 3.500000e-05 3.550000e-05 3.600000e-05
 3.700000e-05 3.713000e-05 3.727000e-05 3.763000e-05 3.800000e-05 3.910000e-05
 3.960000e-05 4.100000e-05 4.240000e-05 4.400000e-05 4.520000e-05 4.830000e-05
 5.060000e-05 5.340000e-05 5.800000e-05 6.100000e-05 6.300000e-05 6.500000e-05
 6.750000e-05 7.200000e-05 7.600000e-05 8.000000e-05 8.170000e-05 9.000000e-05
 9.700000e-05 1.012000e-04 1.050000e-04 1.080000e-04 1.130000e-04 1.160000e-04
 1.175000e-04 1.190000e-04 1.220000e-04 1.430000e-04 1.700000e-04 1.800000e-04
 1.877000e-04 1.885000e-04 1.915000e-04 1.930000e-04 2.020000e-04 2.074000e-04
 2.095000e-04 2.200000e-04 2.400000e-04 2.850000e-04 3.050000e-04 5.500000e-04
 6.700000e-04 6.830000e-04 9.500000e-04 1.150000e-03 1.500000e-03 1.550000e-03
 1.800000e-03 2.200000e-03 2.250000e-03 2.500000e-03 3.000000e-03 3.740000e-03
 3.900000e-03 5.700000e-03 8.030000e-03 9.500000e-03 1.300000e-02 1.700000e-02
 2.000000e-02 3.000000e-02 4.500000e-02 5.000000e-02 5.200000e-02 6.000000e-02
 7.300000e-02 7.500000e-02 8.200000e-02 8.500000e-02 1.000000e-01 1.283000e-01
 1.490000e-01 2.000000e-01 2.700000e-01 3.300000e-01 4.000000e-01 4.200000e-01
 4.400000e-01 4.700000e-01 4.920000e-01 5.500000e-01 5.730000e-01 6.000000e-01
 6.700000e-01 6.790000e-01 7.500000e-01 8.200000e-01 8.611000e-01 8.750000e-01
 9.000000e-01 9.200000e-01 1.010000e+00 1.100000e+00 1.200000e+00 1.250000e+00
 1.317000e+00 1.356000e+00 1.400000e+00 1.500000e+00 1.850000e+00 2.354000e+00
 2.479000e+00 3.000000e+00 4.304000e+00 4.800000e+00 6.434000e+00 8.187000e+00
 1.000000e+01 1.284000e+01 1.384000e+01 1.455000e+01 1.568000e+01 1.733000e+01
 2.000000e+01
 1.119411e-09 6.738962e-08 1.784277e-07 3.874264e-07 6.157980e-07
 1.268120e-06 1.793856e-06 2.560830e-06 3.576618e-06 6.287440e-06 1.252580e-05
 1.989450e-05 3.478860e-05 1.328830e-04 1.743887e-04 2.253712e-04 2.506375e-04
 2.508828e-04 2.456678e-04 2.174664e-04 2.096271e-04 1.768280e-04 1.487505e-04
 1.005840e-04 7.164570e-05 5.477168e-05 4.503834e-05 3.924800e-05 3.640417e-05
 3.387012e-05 3.324711e-05 3.299828e-05 3.243975e-05 3.237888e-05 3.294270e-05
 3.242440e-05 3.091627e-05 3.063876e-05 2.996250e-05 3.023150e-05 3.053820e-05
 3.041235e-05 3.028768e-05 2.887756e-05 2.942946e-05 2.842725e-05 2.919544e-05
 2.933767e-05 2.895192e-05 2.734322e-05 2.842883e-05 2.955482e-05 2.838482e-05
 2.895480e-05 2.870565e-05 2.793759e-05 2.751926e-05 2.838534e-05 2.999876e-05
 2.810698e-05 2.877493e-05 2.857589e-05 2.785077e-05 2.849815e-05 2.853379e-05
 2.779421e-05 2.740051e-05 2.792425e-05 2.778334e-05 2.840589e-05 2.858800e-05
 2.805550e-05 2.835756e-05 2.818063e-05 2.787661e-05 2.829640e-05 2.820194e-05
 2.744639e-05 2.659907e-05 2.830023e-05 2.820795e-05 2.858772e-05 2.761422e-05
 2.865968e-05 2.768378e-05 2.800964e-05 2.833682e-05 2.785209e-05 2.770645e-05
 2.685570e-05 2.801470e-05 2.786102e-05 2.834860e-05 2.811771e-05 2.825188e-05
 2.867948e-05 2.714783e-05 2.689349e-05 2.749070e-05 2.671300e-05 2.703506e-05
 2.686935e-05 2.573197e-05 2.691847e-05 2.653303e-05 2.798627e-05 2.790442e-05
 2.792211e-05 2.824745e-05 2.697879e-05 2.804163e-05 2.797200e-05 2.862040e-05
 2.772003e-05 2.780044e-05 2.720052e-05 2.614860e-05 2.617124e-05 2.691231e-05
 2.740377e-05 2.835579e-05 2.873590e-05 2.809532e-05 2.772312e-05 2.769725e-05
 2.559723e-05 2.755294e-05 2.640377e-05 2.724266e-05 2.743795e-05 2.793708e-05
 2.731673e-05 2.860010e-05 2.857890e-05 2.733736e-05 2.628419e-05 2.755736e-05
 2.659892e-05 2.697818e-05 2.755833e-05 2.722673e-05 2.833923e-05 2.785741e-05
 2.702502e-05 2.751759e-05 2.858404e-05 2.741299e-05 2.758924e-05 2.697796e-05
 2.810052e-05 2.774736e-05 2.711452e-05 2.704040e-05 2.626650e-05 2.780566e-05
 2.817864e-05 2.771266e-05 2.692830e-05 2.646968e-05 2.708474e-05 2.803237e-05
 2.700150e-05 2.879491e-05 2.787448e-05 2.887190e-05 2.911653e-05 2.761524e-05
 2.717969e-05 2.725663e-05 2.604023e-05 2.669872e-05 2.695623e-05 2.664502e-05
 2.445713e-05 2.622379e-05 2.759760e-05 2.939123e-05 2.972027e-05 3.482488e-05
 2.914338e-05 2.695034e-05 3.134566e-05 2.922018e-05 3.040959e-05 2.700450e-05
 2.863195e-05 3.040092e-05 2.927489e-05 2.807620e-05 2.931720e-05 3.019044e-05
 2.846244e-05 3.281332e-05 3.135191e-05 2.902444e-05 3.214049e-05 3.198469e-05
 3.090727e-05 3.915690e-05 3.413700e-05 3.418940e-05 3.234894e-05 3.546690e-05
 4.340580e-05 4.468162e-05 4.932968e-05 3.338772e-05 3.026120e-05 4.808938e-05
 5.342658e-05 5.258157e-05 6.263306e-05 6.800860e-05 7.563714e-05 6.321273e-05
 5.401528e-05 6.441475e-05 7.851783e-05 8.483342e-05 8.333812e-05 8.805667e-05
 9.601387e-05 9.660133e-05 1.137623e-04 1.046107e-04 9.633698e-05 8.793750e-05
 9.092484e-05 9.593530e-05 9.068453e-05 9.913237e-05 1.021832e-04 1.099482e-04
 1.015448e-04 1.030317e-04 1.096878e-04 1.110361e-04 1.161990e-04 1.125002e-04
 1.230681e-04 9.859923e-05 7.172068e-05 4.338658e-05 2.993645e-05 1.124127e-05
 3.661274e-06 9.716941e-07 2.079017e-07 9.427355e-08 5.333781e-08 1.850182e-08
 3.434674e-09
212  103  137  28  15  10  30  50  100  40