Estimated flux uncertainties
  54
1.000e-11 1.000e-10 5.000e-10 1.500e-09 4.000e-09 1.000e-08 2.530e-08 3.000e-08 
1.010e-06 1.300e-06 3.000e-06 3.500e-06 8.100e-06 1.190e-05 2.500e-05 3.175e-05 
3.713e-05 3.910e-05 3.960e-05 4.830e-05 9.000e-05 1.175e-04 1.430e-04 1.800e-04 
1.885e-04 1.915e-04 2.020e-04 2.095e-04 2.200e-04 5.500e-04 6.700e-04 6.830e-04 
9.500e-04 1.550e-03 1.800e-03 2.250e-03 2.500e-03 3.900e-03 5.700e-03 5.200e-02 
7.300e-02 7.500e-02 1.283e-01 4.200e-01 7.500e-01 8.750e-01 1.010e+00 1.850e+00 
2.479e+00 1.000e+01 1.284e+01 1.384e+01 1.455e+01 2.000e+01 
0.000e+00 4.268e-01 8.570e-02 3.900e-02 1.640e-02 7.200e-03 2.700e-03 3.420e-02 
6.530e-02 3.210e-02 5.540e-02 4.290e-02 1.890e-02 3.720e-02 2.800e-02 4.730e-02 
9.720e-02 3.280e-02 5.080e-02 3.870e-02 3.540e-02 5.600e-02 1.430e-02 2.800e-02 
9.760e-02 6.290e-02 3.760e-02 5.750e-02 2.570e-02 7.700e-03 1.300e-02 4.210e-02 
1.340e-02 3.180e-02 1.490e-02 3.900e-02 1.790e-02 2.870e-02 1.670e-02 2.570e-02 
1.100e-02 2.650e-02 1.120e-02 2.560e-02 1.420e-02 2.490e-02 1.750e-02 6.500e-03 
1.900e-02 3.490e-02 6.370e-02 2.323e-01 6.837e-01 0.000e+00 
MCNP-estimated MG flux
 252   0 1.0000e+00  300.0000    0.0000
 1.000000e-11 1.000000e-10 5.000000e-10 7.500000e-10 1.000000e-09 1.200000e-09
 1.500000e-09 2.000000e-09 2.500000e-09 3.000000e-09 4.000000e-09 5.000000e-09
 7.500000e-09 1.000000e-08 2.530000e-08 3.000000e-08 4.000000e-08 5.000000e-08
 6.000000e-08 7.000000e-08 8.000000e-08 9.000000e-08 1.000000e-07 1.250000e-07
 1.500000e-07 1.750000e-07 2.000000e-07 2.250000e-07 2.500000e-07 2.750000e-07
 3.000000e-07 3.250000e-07 3.500000e-07 3.750000e-07 4.000000e-07 4.500000e-07
 5.000000e-07 5.500000e-07 6.000000e-07 6.250000e-07 6.500000e-07 7.000000e-07
 7.500000e-07 8.000000e-07 8.500000e-07 9.000000e-07 9.250000e-07 9.500000e-07
 9.750000e-07 1.000000e-06 1.010000e-06 1.020000e-06 1.030000e-06 1.040000e-06
 1.050000e-06 1.060000e-06 1.070000e-06 1.080000e-06 1.090000e-06 1.100000e-06
 1.110000e-06 1.120000e-06 1.130000e-06 1.140000e-06 1.150000e-06 1.175000e-06
 1.200000e-06 1.225000e-06 1.250000e-06 1.300000e-06 1.350000e-06 1.400000e-06
 1.450000e-06 1.500000e-06 1.590000e-06 1.680000e-06 1.770000e-06 1.860000e-06
 1.940000e-06 2.000000e-06 2.120000e-06 2.210000e-06 2.300000e-06 2.380000e-06
 2.470000e-06 2.570000e-06 2.670000e-06 2.770000e-06 2.870000e-06 2.970000e-06
 3.000000e-06 3.100000e-06 3.200000e-06 3.500000e-06 3.730000e-06 4.100000e-06
 4.700000e-06 5.000000e-06 5.400000e-06 6.000000e-06 6.250000e-06 6.500000e-06
 6.750000e-06 6.875000e-06 7.000000e-06 7.150000e-06 8.100000e-06 9.100000e-06
 1.000000e-05 1.150000e-05 1.190000e-05 1.290000e-05 1.440000e-05 1.600000e-05
 1.700000e-05 1.850000e-05 1.940000e-05 2.000000e-05 2.050000e-05 2.120000e-05
 2.175000e-05 2.250000e-05 2.500000e-05 2.750000e-05 3.000000e-05 3.125000e-05
 3.175000e-05 3.325000e-05 3.375000e-05 3.500000e-05 3.550000e-05 3.600000e-05
 3.700000e-05 3.713000e-05 3.727000e-05 3.763000e-05 3.800000e-05 3.910000e-05
 3.960000e-05 4.100000e-05 4.240000e-05 4.400000e-05 4.520000e-05 4.830000e-05
 5.060000e-05 5.340000e-05 5.800000e-05 6.100000e-05 6.300000e-05 6.500000e-05
 6.750000e-05 7.200000e-05 7.600000e-05 8.000000e-05 8.170000e-05 9.000000e-05
 9.700000e-05 1.012000e-04 1.050000e-04 1.080000e-04 1.130000e-04 1.160000e-04
 1.175000e-04 1.190000e-04 1.220000e-04 1.430000e-04 1.700000e-04 1.800000e-04
 1.877000e-04 1.885000e-04 1.915000e-04 1.930000e-04 2.020000e-04 2.074000e-04
 2.095000e-04 2.200000e-04 2.400000e-04 2.850000e-04 3.050000e-04 5.500000e-04
 6.700000e-04 6.830000e-04 9.500000e-04 1.150000e-03 1.500000e-03 1.550000e-03
 1.800000e-03 2.200000e-03 2.250000e-03 2.500000e-03 3.000000e-03 3.740000e-03
 3.900000e-03 5.700000e-03 8.030000e-03 9.500000e-03 1.300000e-02 1.700000e-02
 2.000000e-02 3.000000e-02 4.500000e-02 5.000000e-02 5.200000e-02 6.000000e-02
 7.300000e-02 7.500000e-02 8.200000e-02 8.500000e-02 1.000000e-01 1.283000e-01
 1.490000e-01 2.000000e-01 2.700000e-01 3.300000e-01 4.000000e-01 4.200000e-01
 4.400000e-01 4.700000e-01 4.920000e-01 5.500000e-01 5.730000e-01 6.000000e-01
 6.700000e-01 6.790000e-01 7.500000e-01 8.200000e-01 8.611000e-01 8.750000e-01
 9.000000e-01 9.200000e-01 1.010000e+00 1.100000e+00 1.200000e+00 1.250000e+00
 1.317000e+00 1.356000e+00 1.400000e+00 1.500000e+00 1.850000e+00 2.354000e+00
 2.479000e+00 3.000000e+00 4.304000e+00 4.800000e+00 6.434000e+00 8.187000e+00
 1.000000e+01 1.284000e+01 1.384000e+01 1.455000e+01 1.568000e+01 1.733000e+01
 2.000000e+01
 5.740211e-10 2.836263e-08 1.111041e-07 2.056832e-07 3.329586e-07
 6.469250e-07 9.061200e-07 1.266325e-06 1.729956e-06 3.022908e-06 6.079300e-06
 9.519570e-06 1.647596e-05 6.147470e-05 7.919745e-05 1.019352e-04 1.128380e-04
 1.127490e-04 1.087219e-04 9.598800e-05 9.308250e-05 7.674310e-05 6.420600e-05
 4.205820e-05 2.918328e-05 2.224272e-05 1.731510e-05 1.515660e-05 1.396483e-05
 1.306068e-05 1.274668e-05 1.236525e-05 1.200385e-05 1.190886e-05 1.215882e-05
 1.218820e-05 1.192653e-05 1.170275e-05 1.102775e-05 1.164036e-05 1.125054e-05
 1.140660e-05 1.127246e-05 1.152792e-05 1.071961e-05 1.056557e-05 1.098724e-05
 1.084157e-05 1.046800e-05 1.104354e-05 1.083373e-05 1.131125e-05 1.041820e-05
 1.113221e-05 9.874313e-06 1.116406e-05 1.025913e-05 1.084999e-05 1.042502e-05
 9.442049e-06 1.054142e-05 1.082956e-05 9.905848e-06 1.048617e-05 1.021381e-05
 1.055434e-05 1.021557e-05 1.031665e-05 1.065134e-05 1.027099e-05 9.991744e-06
 9.878879e-06 1.043601e-05 1.068319e-05 1.048229e-05 1.038341e-05 1.001846e-05
 1.026903e-05 1.008787e-05 1.020930e-05 1.052746e-05 1.029278e-05 1.009864e-05
 1.043797e-05 1.035211e-05 1.072849e-05 1.030049e-05 9.963607e-06 1.040498e-05
 9.755790e-06 9.856295e-06 1.026346e-05 1.027241e-05 1.018110e-05 1.041363e-05
 1.062317e-05 1.018347e-05 1.011803e-05 1.013990e-05 9.794350e-06 9.405422e-06
 9.903060e-06 1.031239e-05 9.221744e-06 9.700739e-06 1.033551e-05 1.032759e-05
 1.016382e-05 1.007906e-05 9.696477e-06 9.922886e-06 1.032672e-05 1.017640e-05
 1.010201e-05 1.025079e-05 1.027439e-05 1.001233e-05 9.990552e-06 9.709812e-06
 9.833491e-06 1.013388e-05 1.020380e-05 1.003083e-05 1.001508e-05 9.690750e-06
 9.522841e-06 1.020267e-05 1.007100e-05 9.707656e-06 1.004685e-05 1.016050e-05
 1.002689e-05 9.762819e-06 1.281015e-05 1.066246e-05 9.422819e-06 1.023012e-05
 8.947462e-06 9.985814e-06 1.034493e-05 9.366500e-06 9.776948e-06 1.017094e-05
 9.845682e-06 1.024271e-05 1.056459e-05 9.955180e-06 9.442881e-06 1.051502e-05
 1.070393e-05 9.915232e-06 1.023959e-05 1.001308e-05 1.020342e-05 1.040258e-05
 1.000247e-05 1.001008e-05 9.729880e-06 9.107028e-06 9.920993e-06 9.764029e-06
 1.003904e-05 9.802744e-06 9.618480e-06 1.058125e-05 1.061348e-05 1.017198e-05
 9.634007e-06 8.288911e-06 9.474016e-06 9.369146e-06 9.948343e-06 9.989306e-06
 1.043879e-05 9.899958e-06 1.002214e-05 1.039142e-05 9.956268e-06 1.268549e-05
 1.047009e-05 1.008103e-05 1.137983e-05 1.035138e-05 1.092403e-05 9.728947e-06
 1.009210e-05 1.061027e-05 9.370035e-06 1.005710e-05 1.044672e-05 1.060250e-05
 9.189692e-06 1.168544e-05 1.105514e-05 1.052180e-05 1.135517e-05 1.124873e-05
 1.081987e-05 1.366194e-05 1.205370e-05 1.165610e-05 1.209463e-05 1.269780e-05
 1.520815e-05 1.674787e-05 1.744644e-05 1.195655e-05 1.015900e-05 1.677860e-05
 1.911720e-05 1.799553e-05 2.173785e-05 2.377622e-05 2.620514e-05 2.240238e-05
 1.894468e-05 2.211883e-05 2.711725e-05 2.963172e-05 2.932788e-05 3.047044e-05
 3.326119e-05 3.486356e-05 3.927644e-05 3.565899e-05 3.223845e-05 3.105425e-05
 3.120523e-05 3.428357e-05 3.100958e-05 3.393977e-05 3.467460e-05 3.804825e-05
 3.567674e-05 3.466969e-05 3.809686e-05 3.883035e-05 4.023803e-05 3.872162e-05
 4.275839e-05 3.379704e-05 2.456274e-05 1.457352e-05 1.027140e-05 3.904494e-06
 1.353646e-06 3.142798e-07 7.160553e-08 2.029748e-08 1.707635e-08 8.921484e-09
 0.000000e+00
212  103  137  28  15  10  30  50  100  40